6.528043746948242188e-02
6.437134742736816406e-02
6.481480598449707031e-02
6.474995613098144531e-02
6.322765350341796875e-02
6.078410148620605469e-02
6.167268753051757812e-02
6.034994125366210938e-02
5.834388732910156250e-02
5.883955955505371094e-02
5.695819854736328125e-02
5.450296401977539062e-02
5.300021171569824219e-02
5.194282531738281250e-02
5.016088485717773438e-02
5.028772354125976562e-02
4.821729660034179688e-02
4.606533050537109375e-02
4.517889022827148438e-02
4.324269294738769531e-02
4.149794578552246094e-02
4.200935363769531250e-02
4.094839096069335938e-02
4.000854492187500000e-02
3.939747810363769531e-02
3.824234008789062500e-02
3.646636009216308594e-02
3.580069541931152344e-02
3.407263755798339844e-02
3.342032432556152344e-02
3.169155120849609375e-02
2.858233451843261719e-02
2.722001075744628906e-02
2.840065956115722656e-02
2.977490425109863281e-02
3.199243545532226562e-02
3.492951393127441406e-02
3.573393821716308594e-02
3.457760810852050781e-02
3.235197067260742188e-02
3.027343750000000000e-02
2.823734283447265625e-02
2.786803245544433594e-02
2.777934074401855469e-02
2.712821960449218750e-02
2.672266960144042969e-02
2.652120590209960938e-02
2.528738975524902344e-02
2.471280097961425781e-02
2.381300926208496094e-02
2.230453491210937500e-02
2.197909355163574219e-02
2.154922485351562500e-02
1.854681968688964844e-02
1.914811134338378906e-02
1.849389076232910156e-02
1.608800888061523438e-02
1.460552215576171875e-02
1.445770263671875000e-02
1.385760307312011719e-02
1.556396484375000000e-02
1.731681823730468750e-02
1.694965362548828125e-02
1.707911491394042969e-02
1.667141914367675781e-02
1.508212089538574219e-02
1.437020301818847656e-02
1.515078544616699219e-02
1.555776596069335938e-02
1.562809944152832031e-02
1.680946350097656250e-02
1.864981651306152344e-02
1.925849914550781250e-02
1.920032501220703125e-02
1.943850517272949219e-02
2.078080177307128906e-02
2.119541168212890625e-02
2.177453041076660156e-02
2.277660369873046875e-02
2.337598800659179688e-02
2.315127849578857422e-02
2.345407009124755859e-02
2.347326278686523438e-02
2.348041534423828125e-02
2.477371692657470703e-02
2.564215660095214844e-02
2.640628814697265625e-02
2.737689018249511719e-02
2.809441089630126953e-02
2.777969837188720703e-02
2.824449539184570312e-02
2.831459045410156250e-02
2.884185314178466797e-02
2.976799011230468750e-02
2.991950511932373047e-02
3.016924858093261719e-02
3.080368041992187500e-02
3.116631507873535156e-02
3.161454200744628906e-02
3.246343135833740234e-02
3.252375125885009766e-02
3.287065029144287109e-02
3.290200233459472656e-02
3.295421600341796875e-02
3.332710266113281250e-02
3.390395641326904297e-02
3.361213207244873047e-02
3.362894058227539062e-02
3.342449665069580078e-02
3.435957431793212891e-02
3.493285179138183594e-02
3.540813922882080078e-02
3.575909137725830078e-02
3.615164756774902344e-02
3.609538078308105469e-02
3.570532798767089844e-02
3.572154045104980469e-02
3.599846363067626953e-02
3.624951839447021484e-02
3.621017932891845703e-02
3.641843795776367188e-02
3.620934486389160156e-02
3.585886955261230469e-02
3.573012351989746094e-02
3.475034236907958984e-02
3.476333618164062500e-02
3.487920761108398438e-02
3.475403785705566406e-02
3.430175781250000000e-02
3.438293933868408203e-02
3.376495838165283203e-02
3.323996067047119141e-02
3.368079662322998047e-02
3.376591205596923828e-02
3.419244289398193359e-02
3.367125988006591797e-02
3.444290161132812500e-02
3.346014022827148438e-02
3.397607803344726562e-02
3.283166885375976562e-02
3.308582305908203125e-02
3.310918807983398438e-02
3.381896018981933594e-02
3.313279151916503906e-02
3.358864784240722656e-02
3.316593170166015625e-02
3.297781944274902344e-02
3.306400775909423828e-02
3.296959400177001953e-02
3.287243843078613281e-02
3.350770473480224609e-02
3.383135795593261719e-02
3.396439552307128906e-02
3.411972522735595703e-02
3.421807289123535156e-02
3.459227085113525391e-02
3.377473354339599609e-02
3.412318229675292969e-02
3.412252664566040039e-02
3.502845764160156250e-02
3.525924682617187500e-02
3.600847721099853516e-02
3.629571199417114258e-02
3.733575344085693359e-02
3.781139850616455078e-02
3.851312398910522461e-02
3.918123245239257812e-02
3.994816541671752930e-02
4.075610637664794922e-02
4.145818948745727539e-02
4.222130775451660156e-02
4.320144653320312500e-02
4.374468326568603516e-02
4.417109489440917969e-02
4.461979866027832031e-02
4.442381858825683594e-02
4.452383518218994141e-02
4.445755481719970703e-02
4.451686143875122070e-02
4.478895664215087891e-02
4.529756307601928711e-02
4.541474580764770508e-02
4.507935047149658203e-02
4.496586322784423828e-02
4.415851831436157227e-02
4.356229305267333984e-02
4.202210903167724609e-02
4.150682687759399414e-02
4.075545072555541992e-02
4.015988111495971680e-02
3.964734077453613281e-02
3.977251052856445312e-02
3.895998001098632812e-02
3.803682327270507812e-02
3.759336471557617188e-02
3.686046600341796875e-02
3.579789400100708008e-02
3.466027975082397461e-02
3.358751535415649414e-02
3.210514783859252930e-02
3.063595294952392578e-02
2.984637022018432617e-02
2.949535846710205078e-02
2.855372428894042969e-02
2.808713912963867188e-02
2.747952938079833984e-02
2.631086111068725586e-02
2.531105279922485352e-02
2.474337816238403320e-02
2.365630865097045898e-02
2.308934926986694336e-02
2.333432435989379883e-02
2.266937494277954102e-02
2.244299650192260742e-02
2.229410409927368164e-02
2.189093828201293945e-02
2.059203386306762695e-02
1.958250999450683594e-02
1.819223165512084961e-02
1.736956834793090820e-02
1.663571596145629883e-02
1.594561338424682617e-02
1.590567827224731445e-02
1.585024595260620117e-02
1.577299833297729492e-02
1.497226953506469727e-02
1.459467411041259766e-02
1.390981674194335938e-02
1.339960098266601562e-02
1.296234130859375000e-02
1.274275779724121094e-02
1.287806034088134766e-02
1.320815086364746094e-02
1.342469453811645508e-02
1.278412342071533203e-02
1.241183280944824219e-02
1.162856817245483398e-02
1.126754283905029297e-02
1.108014583587646484e-02
1.131618022918701172e-02
1.112294197082519531e-02
1.161682605743408203e-02
1.123774051666259766e-02
1.106548309326171875e-02
1.061689853668212891e-02
1.056855916976928711e-02
1.031512022018432617e-02
9.712278842926025391e-03
9.937763214111328125e-03
9.499788284301757812e-03
9.710371494293212891e-03
9.443759918212890625e-03
9.560883045196533203e-03
8.602619171142578125e-03
8.641123771667480469e-03
8.592605590820312500e-03
8.326470851898193359e-03
8.859753608703613281e-03
8.907437324523925781e-03
9.001493453979492188e-03
8.717954158782958984e-03
8.747220039367675781e-03
8.999824523925781250e-03
9.124457836151123047e-03
9.116709232330322266e-03
9.500622749328613281e-03
9.527146816253662109e-03
8.828163146972656250e-03
8.534550666809082031e-03
7.908582687377929688e-03
7.611930370330810547e-03
7.637560367584228516e-03
7.443428039550781250e-03
8.145630359649658203e-03
9.056031703948974609e-03
8.880674839019775391e-03
8.513212203979492188e-03
8.008182048797607422e-03
7.284939289093017578e-03
6.672084331512451172e-03
6.803750991821289062e-03
6.451070308685302734e-03
6.974339485168457031e-03
6.865084171295166016e-03
6.383955478668212891e-03
5.940914154052734375e-03
6.182372570037841797e-03
5.901694297790527344e-03
5.356967449188232422e-03
5.616903305053710938e-03
5.722939968109130859e-03
5.794346332550048828e-03
5.712330341339111328e-03
5.920946598052978516e-03
5.839884281158447266e-03
5.567550659179687500e-03
5.501508712768554688e-03
5.276858806610107422e-03
4.883348941802978516e-03
4.722476005554199219e-03
4.680097103118896484e-03
4.057586193084716797e-03
3.743827342987060547e-03
4.491686820983886719e-03
4.521131515502929688e-03
4.679143428802490234e-03
5.075812339782714844e-03
4.917681217193603516e-03
4.946827888488769531e-03
4.927039146423339844e-03
4.784703254699707031e-03
5.191504955291748047e-03
5.521059036254882812e-03
5.317926406860351562e-03
5.400955677032470703e-03
5.501508712768554688e-03
4.938125610351562500e-03
5.171298980712890625e-03
4.260897636413574219e-03
4.049181938171386719e-03
3.438830375671386719e-03
3.236532211303710938e-03
3.418445587158203125e-03
3.884792327880859375e-03
3.309488296508789062e-03
3.573417663574218750e-03
3.881216049194335938e-03
3.365278244018554688e-03
3.492355346679687500e-03
3.893852233886718750e-03
4.167556762695312500e-03
4.286050796508789062e-03
4.655122756958007812e-03
4.422664642333984375e-03
4.652142524719238281e-03
3.973245620727539062e-03
3.296494483947753906e-03
3.303170204162597656e-03
3.045320510864257812e-03
2.838373184204101562e-03
3.022670745849609375e-03
3.099322319030761719e-03
3.415107727050781250e-03
3.813385963439941406e-03
4.159688949584960938e-03
4.229426383972167969e-03
4.835128784179687500e-03
4.380702972412109375e-03
4.089474678039550781e-03
3.519654273986816406e-03
3.417134284973144531e-03
2.931475639343261719e-03
2.843499183654785156e-03
2.712130546569824219e-03
2.925038337707519531e-03
3.189682960510253906e-03
3.409147262573242188e-03
3.303766250610351562e-03
3.555655479431152344e-03
3.313779830932617188e-03
3.154277801513671875e-03
3.121137619018554688e-03
3.202676773071289062e-03
2.968430519104003906e-03
3.582119941711425781e-03
3.708839416503906250e-03
3.250837326049804688e-03
3.551006317138671875e-03
3.962039947509765625e-03
3.317952156066894531e-03
2.911806106567382812e-03
3.486156463623046875e-03
3.301262855529785156e-03
3.434300422668457031e-03
3.528952598571777344e-03
3.753066062927246094e-03
3.432750701904296875e-03
3.260374069213867188e-03
3.366112709045410156e-03
3.785848617553710938e-03
4.158735275268554688e-03
