5.640721321105957031e-02
5.486154556274414062e-02
5.403733253479003906e-02
5.281233787536621094e-02
5.037379264831542969e-02
4.995274543762207031e-02
4.870963096618652344e-02
4.734396934509277344e-02
4.569268226623535156e-02
4.639530181884765625e-02
4.476451873779296875e-02
4.565858840942382812e-02
4.358792304992675781e-02
4.230904579162597656e-02
3.842735290527343750e-02
3.873467445373535156e-02
3.655695915222167969e-02
3.542137145996093750e-02
3.501582145690917969e-02
3.478360176086425781e-02
3.158855438232421875e-02
3.144979476928710938e-02
3.178191184997558594e-02
3.238964080810546875e-02
3.188109397888183594e-02
3.251171112060546875e-02
2.944803237915039062e-02
3.004097938537597656e-02
2.724766731262207031e-02
2.875328063964843750e-02
2.851176261901855469e-02
2.953028678894042969e-02
2.803635597229003906e-02
3.066492080688476562e-02
2.994585037231445312e-02
3.074216842651367188e-02
3.161454200744628906e-02
3.256726264953613281e-02
2.994513511657714844e-02
2.979731559753417969e-02
2.927732467651367188e-02
2.797675132751464844e-02
2.780485153198242188e-02
2.802062034606933594e-02
2.748870849609375000e-02
2.829098701477050781e-02
2.757573127746582031e-02
2.730679512023925781e-02
2.622318267822265625e-02
2.533125877380371094e-02
2.235651016235351562e-02
2.158832550048828125e-02
1.927542686462402344e-02
2.029228210449218750e-02
1.973724365234375000e-02
1.841855049133300781e-02
1.715517044067382812e-02
1.799964904785156250e-02
1.624083518981933594e-02
1.738810539245605469e-02
2.081012725830078125e-02
2.313280105590820312e-02
2.291202545166015625e-02
2.339887619018554688e-02
2.289319038391113281e-02
2.132105827331542969e-02
2.301120758056640625e-02
2.337431907653808594e-02
2.427697181701660156e-02
2.515006065368652344e-02
2.635741233825683594e-02
2.703928947448730469e-02
2.935409545898437500e-02
2.963852882385253906e-02
3.008460998535156250e-02
3.120803833007812500e-02
3.308725357055664062e-02
3.423666954040527344e-02
3.672146797180175781e-02
3.917717933654785156e-02
4.122507572174072266e-02
4.209494590759277344e-02
4.304265975952148438e-02
4.402196407318115234e-02
4.539871215820312500e-02
4.731500148773193359e-02
4.878199100494384766e-02
5.014538764953613281e-02
5.116331577301025391e-02
5.186712741851806641e-02
5.235123634338378906e-02
5.387437343597412109e-02
5.570912361145019531e-02
5.744051933288574219e-02
5.912327766418457031e-02
6.041097640991210938e-02
6.192278861999511719e-02
6.223726272583007812e-02
6.369996070861816406e-02
6.425714492797851562e-02
6.514561176300048828e-02
6.586122512817382812e-02
6.688106060028076172e-02
6.687235832214355469e-02
6.835103034973144531e-02
6.891810894012451172e-02
6.892120838165283203e-02
6.971275806427001953e-02
7.101738452911376953e-02
7.233083248138427734e-02
7.329261302947998047e-02
7.400178909301757812e-02
7.434797286987304688e-02
7.424390316009521484e-02
7.350409030914306641e-02
7.312965393066406250e-02
7.330775260925292969e-02
7.351911067962646484e-02
7.391345500946044922e-02
7.496035099029541016e-02
7.558798789978027344e-02
7.483959197998046875e-02
7.433593273162841797e-02
7.409834861755371094e-02
7.301175594329833984e-02
7.314836978912353516e-02
7.428336143493652344e-02
7.518970966339111328e-02
7.618081569671630859e-02
7.647514343261718750e-02
7.618451118469238281e-02
7.611858844757080078e-02
7.616078853607177734e-02
7.546722888946533203e-02
7.628488540649414062e-02
7.629978656768798828e-02
7.578516006469726562e-02
7.563042640686035156e-02
7.613039016723632812e-02
7.539939880371093750e-02
7.518553733825683594e-02
7.590055465698242188e-02
7.661342620849609375e-02
7.619118690490722656e-02
7.531177997589111328e-02
7.488894462585449219e-02
7.457089424133300781e-02
7.363831996917724609e-02
7.317268848419189453e-02
7.379817962646484375e-02
7.433724403381347656e-02
7.471919059753417969e-02
7.514941692352294922e-02
7.523643970489501953e-02
7.520401477813720703e-02
7.543611526489257812e-02
7.467651367187500000e-02
7.486820220947265625e-02
7.465952634811401367e-02
7.482707500457763672e-02
7.433497905731201172e-02
7.446253299713134766e-02
7.455497980117797852e-02
7.532352209091186523e-02
7.574081420898437500e-02
7.660728693008422852e-02
7.704687118530273438e-02
7.677984237670898438e-02
7.673329114913940430e-02
7.629013061523437500e-02
7.571697235107421875e-02
7.614016532897949219e-02
7.600283622741699219e-02
7.575237751007080078e-02
7.606971263885498047e-02
7.644677162170410156e-02
7.639294862747192383e-02
7.693237066268920898e-02
7.740491628646850586e-02
7.796597480773925781e-02
7.838338613510131836e-02
7.830089330673217773e-02
7.807177305221557617e-02
7.791650295257568359e-02
7.722836732864379883e-02
7.727909088134765625e-02
7.724994421005249023e-02
7.704454660415649414e-02
7.728648185729980469e-02
7.785284519195556641e-02
7.770448923110961914e-02
7.747822999954223633e-02
7.757461071014404297e-02
7.686311006546020508e-02
7.639807462692260742e-02
7.639509439468383789e-02
7.591027021408081055e-02
7.530874013900756836e-02
7.522654533386230469e-02
7.430028915405273438e-02
7.318675518035888672e-02
7.276129722595214844e-02
7.252919673919677734e-02
7.185661792755126953e-02
7.151597738265991211e-02
7.137358188629150391e-02
7.101172208786010742e-02
7.083028554916381836e-02
7.086783647537231445e-02
7.128071784973144531e-02
7.109510898590087891e-02
7.123470306396484375e-02
7.067304849624633789e-02
7.022994756698608398e-02
6.921529769897460938e-02
6.850838661193847656e-02
6.795424222946166992e-02
6.684637069702148438e-02
6.552827358245849609e-02
6.516224145889282227e-02
6.465810537338256836e-02
6.402957439422607422e-02
6.406676769256591797e-02
6.437194347381591797e-02
6.393331289291381836e-02
6.312245130538940430e-02
6.178891658782958984e-02
6.102979183197021484e-02
6.025785207748413086e-02
5.971038341522216797e-02
5.942738056182861328e-02
5.948603153228759766e-02
5.918985605239868164e-02
5.881595611572265625e-02
5.813145637512207031e-02
5.757808685302734375e-02
5.715447664260864258e-02
5.732464790344238281e-02
5.665028095245361328e-02
5.666196346282958984e-02
5.669581890106201172e-02
5.719172954559326172e-02
5.687749385833740234e-02
5.708158016204833984e-02
5.750238895416259766e-02
5.779010057449340820e-02
5.750817060470581055e-02
5.741357803344726562e-02
5.839091539382934570e-02
5.806422233581542969e-02
5.853718519210815430e-02
5.900043249130249023e-02
5.954879522323608398e-02
5.944514274597167969e-02
5.968058109283447266e-02
5.974018573760986328e-02
6.038683652877807617e-02
6.045794486999511719e-02
6.079888343811035156e-02
6.159770488739013672e-02
6.164479255676269531e-02
6.168222427368164062e-02
6.231713294982910156e-02
6.245684623718261719e-02
6.243038177490234375e-02
6.308525800704956055e-02
6.306737661361694336e-02
6.242579221725463867e-02
6.245106458663940430e-02
6.203478574752807617e-02
6.187349557876586914e-02
6.207054853439331055e-02
6.253254413604736328e-02
6.312227249145507812e-02
6.353628635406494141e-02
6.341242790222167969e-02
6.317359209060668945e-02
6.316006183624267578e-02
6.279027462005615234e-02
6.275886297225952148e-02
6.278693675994873047e-02
6.206029653549194336e-02
6.218260526657104492e-02
6.179815530776977539e-02
6.140512228012084961e-02
6.114983558654785156e-02
6.132555007934570312e-02
6.102192401885986328e-02
6.054961681365966797e-02
6.063520908355712891e-02
6.054055690765380859e-02
6.083416938781738281e-02
6.037670373916625977e-02
6.030070781707763672e-02
6.008690595626831055e-02
6.008005142211914062e-02
6.007844209671020508e-02
6.019634008407592773e-02
5.997580289840698242e-02
5.958968400955200195e-02
5.922043323516845703e-02
5.876916646957397461e-02
5.833369493484497070e-02
5.836188793182373047e-02
5.852305889129638672e-02
5.836081504821777344e-02
5.807602405548095703e-02
5.766093730926513672e-02
5.743944644927978516e-02
5.695974826812744141e-02
5.611133575439453125e-02
5.544447898864746094e-02
5.503427982330322266e-02
5.434191226959228516e-02
5.413395166397094727e-02
5.419111251831054688e-02
5.396711826324462891e-02
5.393004417419433594e-02
5.334258079528808594e-02
5.298697948455810547e-02
5.276620388031005859e-02
5.232632160186767578e-02
5.225336551666259766e-02
5.234754085540771484e-02
5.145668983459472656e-02
5.113637447357177734e-02
5.170011520385742188e-02
5.158078670501708984e-02
5.134618282318115234e-02
5.192732810974121094e-02
5.170106887817382812e-02
5.160284042358398438e-02
5.127537250518798828e-02
5.097913742065429688e-02
5.074405670166015625e-02
5.050706863403320312e-02
4.981911182403564453e-02
4.950976371765136719e-02
5.039334297180175781e-02
5.053722858428955078e-02
5.041015148162841797e-02
5.027663707733154297e-02
5.084252357482910156e-02
5.029928684234619141e-02
4.984283447265625000e-02
4.946839809417724609e-02
4.959535598754882812e-02
4.919338226318359375e-02
4.893493652343750000e-02
4.867529869079589844e-02
4.889404773712158203e-02
4.876935482025146484e-02
4.858410358428955078e-02
4.857540130615234375e-02
4.872214794158935547e-02
4.873073101043701172e-02
4.843425750732421875e-02
4.778254032135009766e-02
4.737675189971923828e-02
4.671096801757812500e-02
4.659759998321533203e-02
4.625988006591796875e-02
4.630243778228759766e-02
4.623651504516601562e-02
4.661226272583007812e-02
4.588639736175537109e-02
4.568386077880859375e-02
4.608500003814697266e-02
4.607188701629638672e-02
4.551959037780761719e-02
4.556405544281005859e-02
4.540610313415527344e-02
4.496741294860839844e-02
4.531407356262207031e-02
4.511106014251708984e-02
4.495179653167724609e-02
4.422545433044433594e-02
4.401171207427978516e-02
4.321682453155517578e-02
4.331123828887939453e-02
4.341673851013183594e-02
