5.903935432434082031e-02
5.935359001159667969e-02
5.980157852172851562e-02
6.028103828430175781e-02
6.050729751586914062e-02
6.066584587097167969e-02
5.895471572875976562e-02
5.713701248168945312e-02
5.298328399658203125e-02
4.979968070983886719e-02
4.714560508728027344e-02
4.437017440795898438e-02
4.120779037475585938e-02
3.978204727172851562e-02
3.781747817993164062e-02
3.530669212341308594e-02
3.337168693542480469e-02
2.979350090026855469e-02
2.857828140258789062e-02
2.815604209899902344e-02
2.795720100402832031e-02
2.917814254760742188e-02
3.162407875061035156e-02
3.224301338195800781e-02
3.465867042541503906e-02
3.605341911315917969e-02
3.538036346435546875e-02
3.868818283081054688e-02
4.284238815307617188e-02
4.583287239074707031e-02
4.927682876586914062e-02
5.584001541137695312e-02
5.721473693847656250e-02
6.130385398864746094e-02
6.492376327514648438e-02
6.823992729187011719e-02
6.840825080871582031e-02
7.076501846313476562e-02
6.863355636596679688e-02
6.464052200317382812e-02
5.949878692626953125e-02
5.463337898254394531e-02
4.866313934326171875e-02
4.131412506103515625e-02
3.448557853698730469e-02
3.068041801452636719e-02
2.624988555908203125e-02
2.278399467468261719e-02
2.195882797241210938e-02
2.163338661193847656e-02
1.945090293884277344e-02
1.726150512695312500e-02
1.655507087707519531e-02
1.346993446350097656e-02
1.136207580566406250e-02
9.686708450317382812e-03
8.552312850952148438e-03
6.889581680297851562e-03
7.765769958496093750e-03
1.040196418762207031e-02
1.179814338684082031e-02
1.511335372924804688e-02
1.625728607177734375e-02
1.508784294128417969e-02
1.367783546447753906e-02
1.300239562988281250e-02
1.185822486877441406e-02
1.103138923645019531e-02
1.313781738281250000e-02
1.291871070861816406e-02
1.460981369018554688e-02
1.605629920959472656e-02
1.756501197814941406e-02
1.723957061767578125e-02
1.768970489501953125e-02
1.824998855590820312e-02
1.846981048583984375e-02
2.040243148803710938e-02
2.210068702697753906e-02
2.360081672668457031e-02
2.427613735198974609e-02
2.572894096374511719e-02
2.531266212463378906e-02
2.624201774597167969e-02
2.769458293914794922e-02
2.927196025848388672e-02
3.080642223358154297e-02
3.266549110412597656e-02
3.368330001831054688e-02
3.461182117462158203e-02
3.484916687011718750e-02
3.530550003051757812e-02
3.612077236175537109e-02
3.705847263336181641e-02
3.752577304840087891e-02
3.878772258758544922e-02
3.921329975128173828e-02
3.959703445434570312e-02
3.991472721099853516e-02
4.080379009246826172e-02
4.063630104064941406e-02
4.130184650421142578e-02
4.142916202545166016e-02
4.180717468261718750e-02
4.151928424835205078e-02
4.199182987213134766e-02
4.187440872192382812e-02
4.193258285522460938e-02
4.251551628112792969e-02
4.382944107055664062e-02
4.435741901397705078e-02
4.509234428405761719e-02
4.549825191497802734e-02
4.536759853363037109e-02
4.506063461303710938e-02
4.527497291564941406e-02
4.512178897857666016e-02
4.553461074829101562e-02
4.592716693878173828e-02
4.651987552642822266e-02
4.719102382659912109e-02
4.723906517028808594e-02
4.745435714721679688e-02
4.833889007568359375e-02
4.955255985260009766e-02
5.086088180541992188e-02
5.294358730316162109e-02
5.467844009399414062e-02
5.524086952209472656e-02
5.509722232818603516e-02
5.431044101715087891e-02
5.400633811950683594e-02
5.397927761077880859e-02
5.400037765502929688e-02
5.458259582519531250e-02
5.500018596649169922e-02
5.472648143768310547e-02
5.454182624816894531e-02
5.538737773895263672e-02
5.510830879211425781e-02
5.501532554626464844e-02
5.616164207458496094e-02
5.658483505249023438e-02
5.581164360046386719e-02
5.536651611328125000e-02
5.539011955261230469e-02
5.501878261566162109e-02
5.473387241363525391e-02
5.520534515380859375e-02
5.572319030761718750e-02
5.650305747985839844e-02
5.650186538696289062e-02
5.695676803588867188e-02
5.703437328338623047e-02
5.731630325317382812e-02
5.755960941314697266e-02
5.716013908386230469e-02
5.769121646881103516e-02
5.780106782913208008e-02
5.809342861175537109e-02
5.775415897369384766e-02
5.804312229156494141e-02
5.835539102554321289e-02
5.829471349716186523e-02
5.848813056945800781e-02
5.938416719436645508e-02
6.016075611114501953e-02
6.007921695709228516e-02
6.104880571365356445e-02
6.159186363220214844e-02
6.165647506713867188e-02
6.185793876647949219e-02
6.164252758026123047e-02
6.150746345520019531e-02
6.134951114654541016e-02
6.156110763549804688e-02
6.179803609848022461e-02
6.283509731292724609e-02
6.293338537216186523e-02
6.362128257751464844e-02
6.374698877334594727e-02
6.404227018356323242e-02
6.363272666931152344e-02
6.358790397644042969e-02
6.354933977127075195e-02
6.391918659210205078e-02
6.351250410079956055e-02
6.313556432723999023e-02
6.395500898361206055e-02
6.366848945617675781e-02
6.320881843566894531e-02
6.362342834472656250e-02
6.391996145248413086e-02
6.359553337097167969e-02
6.386107206344604492e-02
6.423598527908325195e-02
6.416732072830200195e-02
6.388801336288452148e-02
6.412583589553833008e-02
6.350225210189819336e-02
6.337767839431762695e-02
6.315213441848754883e-02
6.354361772537231445e-02
6.287139654159545898e-02
6.299507617950439453e-02
6.285423040390014648e-02
6.258791685104370117e-02
6.241333484649658203e-02
6.273579597473144531e-02
6.306540966033935547e-02
6.266313791275024414e-02
6.308037042617797852e-02
6.297433376312255859e-02
6.257081031799316406e-02
6.217765808105468750e-02
6.235861778259277344e-02
6.188368797302246094e-02
6.099849939346313477e-02
6.012845039367675781e-02
5.990219116210937500e-02
5.891931056976318359e-02
5.818420648574829102e-02
5.865079164505004883e-02
5.845326185226440430e-02
5.795651674270629883e-02
5.785268545150756836e-02
5.721080303192138672e-02
5.654585361480712891e-02
5.597645044326782227e-02
5.500292778015136719e-02
5.453133583068847656e-02
5.473554134368896484e-02
5.436831712722778320e-02
5.463325977325439453e-02
5.472946166992187500e-02
5.456030368804931641e-02
5.406206846237182617e-02
5.410838127136230469e-02
5.377995967864990234e-02
5.362999439239501953e-02
5.361604690551757812e-02
5.442047119140625000e-02
5.394446849822998047e-02
5.372822284698486328e-02
5.463564395904541016e-02
5.460566282272338867e-02
5.452269315719604492e-02
5.501294136047363281e-02
5.612367391586303711e-02
5.564415454864501953e-02
5.665963888168334961e-02
5.729669332504272461e-02
5.754643678665161133e-02
5.790722370147705078e-02
5.841004848480224609e-02
5.889892578125000000e-02
5.931288003921508789e-02
6.009662151336669922e-02
6.014263629913330078e-02
6.122779846191406250e-02
6.114631891250610352e-02
6.116527318954467773e-02
6.203347444534301758e-02
6.239676475524902344e-02
6.229674816131591797e-02
6.263047456741333008e-02
6.284081935882568359e-02
6.208312511444091797e-02
6.182450056076049805e-02
6.112295389175415039e-02
6.136184930801391602e-02
6.172245740890502930e-02
6.193089485168457031e-02
6.311124563217163086e-02
6.387972831726074219e-02
6.365776062011718750e-02
6.327289342880249023e-02
6.308495998382568359e-02
6.236779689788818359e-02
6.203860044479370117e-02
6.154155731201171875e-02
6.073975563049316406e-02
6.111335754394531250e-02
6.091648340225219727e-02
6.092160940170288086e-02
6.155490875244140625e-02
6.222927570343017578e-02
6.199151277542114258e-02
6.158363819122314453e-02
6.160414218902587891e-02
6.106436252593994141e-02
6.099671125411987305e-02
6.107908487319946289e-02
6.099313497543334961e-02
6.079453229904174805e-02
6.068348884582519531e-02
6.072956323623657227e-02
6.058716773986816406e-02
6.066423654556274414e-02
6.075149774551391602e-02
6.083500385284423828e-02
6.042724847793579102e-02
5.975645780563354492e-02
5.985128879547119141e-02
5.906355381011962891e-02
5.876922607421875000e-02
5.837309360504150391e-02
5.836725234985351562e-02
5.786812305450439453e-02
5.769085884094238281e-02
5.700314044952392578e-02
5.715858936309814453e-02
5.658948421478271484e-02
5.604529380798339844e-02
5.635958909988403320e-02
5.690979957580566406e-02
5.652761459350585938e-02
5.638742446899414062e-02
5.591082572937011719e-02
5.533277988433837891e-02
5.462753772735595703e-02
5.397236347198486328e-02
5.389726161956787109e-02
5.428647994995117188e-02
5.393052101135253906e-02
5.389106273651123047e-02
5.448150634765625000e-02
5.477261543273925781e-02
5.438756942749023438e-02
5.449223518371582031e-02
5.422103404998779297e-02
5.397439002990722656e-02
5.339884757995605469e-02
5.383634567260742188e-02
5.388903617858886719e-02
5.381882190704345703e-02
5.346107482910156250e-02
5.324900150299072266e-02
5.314183235168457031e-02
5.317056179046630859e-02
5.345571041107177734e-02
5.301713943481445312e-02
5.393862724304199219e-02
5.342495441436767578e-02
5.312478542327880859e-02
5.231249332427978516e-02
5.229878425598144531e-02
5.162227153778076172e-02
5.129837989807128906e-02
5.092346668243408203e-02
5.145013332366943359e-02
5.154407024383544922e-02
5.150067806243896484e-02
5.144965648651123047e-02
5.124378204345703125e-02
5.062437057495117188e-02
5.065870285034179688e-02
4.982900619506835938e-02
4.999482631683349609e-02
4.982995986938476562e-02
5.014610290527343750e-02
4.956603050231933594e-02
4.924225807189941406e-02
4.919338226318359375e-02
4.931354522705078125e-02
4.878890514373779297e-02
4.831647872924804688e-02
4.878413677215576172e-02
4.813146591186523438e-02
4.770147800445556641e-02
4.723811149597167969e-02
4.786765575408935547e-02
4.727590084075927734e-02
4.793179035186767578e-02
4.765033721923828125e-02
4.810965061187744141e-02
4.737651348114013672e-02
4.740834236145019531e-02
4.669809341430664062e-02
4.675602912902832031e-02
4.635012149810791016e-02
