1.034393310546875000e-01
1.003317832946777344e-01
9.700441360473632812e-02
9.134268760681152344e-02
8.135938644409179688e-02
7.270812988281250000e-02
6.674957275390625000e-02
5.990839004516601562e-02
5.445861816406250000e-02
5.252695083618164062e-02
4.939746856689453125e-02
4.617595672607421875e-02
4.172468185424804688e-02
3.900146484375000000e-02
3.455328941345214844e-02
3.338384628295898438e-02
3.159999847412109375e-02
3.118634223937988281e-02
3.357601165771484375e-02
3.614902496337890625e-02
3.796529769897460938e-02
4.234647750854492188e-02
4.689383506774902344e-02
4.967999458312988281e-02
5.540060997009277344e-02
6.271576881408691406e-02
7.038235664367675781e-02
8.261871337890625000e-02
9.278416633605957031e-02
1.021463871002197266e-01
1.041834354400634766e-01
1.003792285919189453e-01
9.013915061950683594e-02
7.882380485534667969e-02
6.365060806274414062e-02
5.224084854125976562e-02
4.099082946777343750e-02
3.342747688293457031e-02
2.554917335510253906e-02
1.987862586975097656e-02
1.440525054931640625e-02
1.134800910949707031e-02
9.008169174194335938e-03
6.109476089477539062e-03
5.245208740234375000e-03
6.234884262084960938e-03
5.672454833984375000e-03
5.038022994995117188e-03
5.828857421875000000e-03
5.549669265747070312e-03
3.610372543334960938e-03
4.234790802001953125e-03
3.880023956298828125e-03
2.789497375488281250e-03
2.097845077514648438e-03
1.350641250610351562e-03
2.410411834716796875e-04
4.689693450927734375e-04
4.100799560546875000e-05
1.425266265869140625e-03
1.624345779418945312e-03
2.709627151489257812e-03
3.474950790405273438e-03
5.124092102050781250e-03
3.678560256958007812e-03
4.446029663085937500e-03
3.820657730102539062e-03
2.276182174682617188e-03
2.065896987915039062e-03
1.957893371582031250e-03
1.868724822998046875e-03
2.290964126586914062e-03
2.928733825683593750e-03
1.883268356323242188e-03
2.013921737670898438e-03
2.343893051147460938e-03
2.980947494506835938e-03
3.656864166259765625e-03
5.079746246337890625e-03
6.473541259765625000e-03
6.385445594787597656e-03
6.984710693359375000e-03
6.003379821777343750e-03
6.474375724792480469e-03
6.797075271606445312e-03
7.318735122680664062e-03
7.019042968750000000e-03
7.982254028320312500e-03
8.224725723266601562e-03
8.030295372009277344e-03
8.470535278320312500e-03
8.518338203430175781e-03
8.945465087890625000e-03
8.779287338256835938e-03
8.504867553710937500e-03
8.107066154479980469e-03
8.853554725646972656e-03
8.735179901123046875e-03
8.965373039245605469e-03
9.776830673217773438e-03
9.731888771057128906e-03
9.686470031738281250e-03
9.919881820678710938e-03
9.917855262756347656e-03
9.845972061157226562e-03
1.017630100250244141e-02
9.782791137695312500e-03
9.342312812805175781e-03
9.231090545654296875e-03
1.029217243194580078e-02
1.052403450012207031e-02
1.117122173309326172e-02
1.210117340087890625e-02
1.224076747894287109e-02
1.168251037597656250e-02
1.219415664672851562e-02
1.233577728271484375e-02
1.205992698669433594e-02
1.221024990081787109e-02
1.222932338714599609e-02
1.212906837463378906e-02
1.139068603515625000e-02
1.127254962921142578e-02
1.181852817535400391e-02
1.145660877227783203e-02
1.184666156768798828e-02
1.246070861816406250e-02
1.227486133575439453e-02
1.188254356384277344e-02
1.180577278137207031e-02
1.115345954895019531e-02
1.117742061614990234e-02
1.159751415252685547e-02
1.199233531951904297e-02
1.288568973541259766e-02
1.301455497741699219e-02
1.234757900238037109e-02
1.205992698669433594e-02
1.225066184997558594e-02
1.163971424102783203e-02
1.145505905151367188e-02
1.241147518157958984e-02
1.287341117858886719e-02
1.249766349792480469e-02
1.243805885314941406e-02
1.292657852172851562e-02
1.330435276031494141e-02
1.341068744659423828e-02
1.356315612792968750e-02
1.346778869628906250e-02
1.357722282409667969e-02
1.351237297058105469e-02
1.345336437225341797e-02
1.297295093536376953e-02
1.357650756835937500e-02
1.352334022521972656e-02
1.285076141357421875e-02
1.308453083038330078e-02
1.348131895065307617e-02
1.327395439147949219e-02
1.327311992645263672e-02
1.385259628295898438e-02
1.407033205032348633e-02
1.440566778182983398e-02
1.488518714904785156e-02
1.495802402496337891e-02
1.489418745040893555e-02
1.490855216979980469e-02
1.505774259567260742e-02
1.492869853973388672e-02
1.499021053314208984e-02
1.528215408325195312e-02
1.532489061355590820e-02
1.514935493469238281e-02
1.559114456176757812e-02
1.606249809265136719e-02
1.628261804580688477e-02
1.661229133605957031e-02
1.677197217941284180e-02
1.699447631835937500e-02
1.732426881790161133e-02
1.744359731674194336e-02
1.759475469589233398e-02
1.798582077026367188e-02
1.796299219131469727e-02
1.808941364288330078e-02
1.759380102157592773e-02
1.756900548934936523e-02
1.778441667556762695e-02
1.782399415969848633e-02
1.830947399139404297e-02
1.930427551269531250e-02
1.945817470550537109e-02
1.986753940582275391e-02
2.024203538894653320e-02
2.006214857101440430e-02
1.966452598571777344e-02
1.967328786849975586e-02
1.960539817810058594e-02
1.944404840469360352e-02
1.900291442871093750e-02
1.901608705520629883e-02
1.954102516174316406e-02
1.930153369903564453e-02
1.949369907379150391e-02
2.008807659149169922e-02
2.038580179214477539e-02
1.999872922897338867e-02
2.019661664962768555e-02
2.038711309432983398e-02
1.992607116699218750e-02
2.002441883087158203e-02
2.032494544982910156e-02
2.050268650054931641e-02
2.009904384613037109e-02
2.037274837493896484e-02
2.043974399566650391e-02
1.971685886383056641e-02
1.910871267318725586e-02
1.912391185760498047e-02
1.908987760543823242e-02
1.918226480484008789e-02
1.953113079071044922e-02
1.965332031250000000e-02
1.989406347274780273e-02
1.963216066360473633e-02
1.909363269805908203e-02
1.921308040618896484e-02
1.875782012939453125e-02
1.833200454711914062e-02
1.814991235733032227e-02
1.822614669799804688e-02
1.815956830978393555e-02
1.870501041412353516e-02
1.864576339721679688e-02
1.861071586608886719e-02
1.829987764358520508e-02
1.834404468536376953e-02
1.808130741119384766e-02
1.830554008483886719e-02
1.824522018432617188e-02
1.854515075683593750e-02
1.837158203125000000e-02
1.868379116058349609e-02
1.846909523010253906e-02
1.845198869705200195e-02
1.842421293258666992e-02
1.817798614501953125e-02
1.840716600418090820e-02
1.859372854232788086e-02
1.927870512008666992e-02
1.961183547973632812e-02
1.981365680694580078e-02
1.966202259063720703e-02
1.960980892181396484e-02
1.961642503738403320e-02
1.955556869506835938e-02
2.017289400100708008e-02
2.028191089630126953e-02
2.094769477844238281e-02
2.079653739929199219e-02
2.111667394638061523e-02
2.154612541198730469e-02
2.136242389678955078e-02
2.123737335205078125e-02
2.168089151382446289e-02
2.155381441116333008e-02
2.082818746566772461e-02
2.102035284042358398e-02
2.062791585922241211e-02
2.047485113143920898e-02
2.082586288452148438e-02
2.083277702331542969e-02
2.147042751312255859e-02
2.188915014266967773e-02
2.225911617279052734e-02
2.169930934906005859e-02
2.154254913330078125e-02
2.069330215454101562e-02
1.990795135498046875e-02
1.927638053894042969e-02
1.870995759963989258e-02
1.879876852035522461e-02
1.881027221679687500e-02
1.881545782089233398e-02
1.893866062164306641e-02
1.939564943313598633e-02
1.938408613204956055e-02
1.891219615936279297e-02
1.940661668777465820e-02
1.868402957916259766e-02
1.861840486526489258e-02
1.830351352691650391e-02
1.854926347732543945e-02
1.815837621688842773e-02
1.818084716796875000e-02
1.801288127899169922e-02
1.825439929962158203e-02
1.816225051879882812e-02
1.779472827911376953e-02
1.786124706268310547e-02
1.760309934616088867e-02
1.676923036575317383e-02
1.742744445800781250e-02
1.751339435577392578e-02
1.734149456024169922e-02
1.698535680770874023e-02
1.710140705108642578e-02
1.662230491638183594e-02
1.626491546630859375e-02
1.611721515655517578e-02
1.672542095184326172e-02
1.647984981536865234e-02
1.611888408660888672e-02
1.632839441299438477e-02
1.643979549407958984e-02
1.581406593322753906e-02
1.602196693420410156e-02
1.501870155334472656e-02
1.480007171630859375e-02
1.429021358489990234e-02
1.380014419555664062e-02
1.380646228790283203e-02
1.455211639404296875e-02
1.416385173797607422e-02
1.437854766845703125e-02
1.516890525817871094e-02
1.482295989990234375e-02
1.464927196502685547e-02
1.456594467163085938e-02
1.439619064331054688e-02
1.434063911437988281e-02
1.409506797790527344e-02
1.416206359863281250e-02
1.428437232971191406e-02
1.385128498077392578e-02
1.313245296478271484e-02
1.290833950042724609e-02
1.267158985137939453e-02
1.250672340393066406e-02
1.262116432189941406e-02
1.224231719970703125e-02
1.268470287322998047e-02
1.216542720794677734e-02
1.173734664916992188e-02
1.109254360198974609e-02
1.150774955749511719e-02
1.075077056884765625e-02
1.026499271392822266e-02
9.965538978576660156e-03
1.030004024505615234e-02
9.936451911926269531e-03
1.034379005432128906e-02
1.057434082031250000e-02
1.050031185150146484e-02
1.036322116851806641e-02
9.847998619079589844e-03
9.455084800720214844e-03
9.367823600769042969e-03
8.797168731689453125e-03
8.371591567993164062e-03
8.429646492004394531e-03
8.473873138427734375e-03
8.157730102539062500e-03
8.834838867187500000e-03
8.388757705688476562e-03
8.591771125793457031e-03
8.355855941772460938e-03
8.260846138000488281e-03
7.814526557922363281e-03
7.732391357421875000e-03
7.212996482849121094e-03
6.825923919677734375e-03
7.129788398742675781e-03
7.268667221069335938e-03
7.935166358947753906e-03
7.251024246215820312e-03
7.201313972473144531e-03
7.061600685119628906e-03
7.098197937011718750e-03
6.953716278076171875e-03
