1.098430156707763672e-01
1.075372695922851562e-01
1.061899662017822266e-01
1.026921272277832031e-01
9.789252281188964844e-02
9.234142303466796875e-02
8.965253829956054688e-02
8.574151992797851562e-02
8.256936073303222656e-02
8.095121383666992188e-02
8.011865615844726562e-02
7.807564735412597656e-02
7.422542572021484375e-02
7.220196723937988281e-02
6.941747665405273438e-02
6.636166572570800781e-02
6.335806846618652344e-02
6.216335296630859375e-02
6.194972991943359375e-02
6.031179428100585938e-02
5.954885482788085938e-02
6.092596054077148438e-02
6.032347679138183594e-02
5.939006805419921875e-02
6.041049957275390625e-02
5.926322937011718750e-02
5.671381950378417969e-02
5.736064910888671875e-02
5.756974220275878906e-02
6.040358543395996094e-02
6.211256980895996094e-02
6.381654739379882812e-02
6.412720680236816406e-02
6.588768959045410156e-02
6.560420989990234375e-02
6.690907478332519531e-02
6.833219528198242188e-02
7.068824768066406250e-02
7.172751426696777344e-02
7.107710838317871094e-02
7.254314422607421875e-02
7.351875305175781250e-02
7.382559776306152344e-02
7.406401634216308594e-02
7.453799247741699219e-02
7.661151885986328125e-02
7.614421844482421875e-02
7.695913314819335938e-02
7.560896873474121094e-02
7.671236991882324219e-02
7.428193092346191406e-02
7.310366630554199219e-02
7.126569747924804688e-02
7.132411003112792969e-02
7.057428359985351562e-02
6.793427467346191406e-02
6.675100326538085938e-02
6.592726707458496094e-02
6.521320343017578125e-02
6.706523895263671875e-02
7.209181785583496094e-02
7.798862457275390625e-02
8.483839035034179688e-02
9.200215339660644531e-02
9.924054145812988281e-02
1.069092750549316406e-01
1.174759864807128906e-01
1.277048587799072266e-01
1.407985687255859375e-01
1.546645164489746094e-01
1.708385944366455078e-01
1.891798973083496094e-01
2.094879150390625000e-01
2.297663688659667969e-01
2.518031597137451172e-01
2.770164012908935547e-01
3.045613765716552734e-01
3.347873687744140625e-01
3.672168254852294922e-01
4.012742042541503906e-01
4.348362684249877930e-01
4.678211212158203125e-01
4.969022274017333984e-01
5.234196186065673828e-01
5.457327365875244141e-01
5.598217248916625977e-01
5.655076503753662109e-01
5.635876655578613281e-01
5.539040565490722656e-01
5.354911088943481445e-01
5.145803689956665039e-01
4.889885187149047852e-01
4.618804454803466797e-01
4.329882860183715820e-01
4.039385318756103516e-01
3.740429878234863281e-01
3.469957113265991211e-01
3.202298879623413086e-01
2.958872318267822266e-01
2.739496231079101562e-01
2.548067569732666016e-01
2.365760803222656250e-01
2.214277982711791992e-01
2.076390981674194336e-01
1.959481239318847656e-01
1.852296590805053711e-01
1.761146783828735352e-01
1.678577661514282227e-01
1.618763208389282227e-01
1.576223373413085938e-01
1.536558866500854492e-01
1.500487327575683594e-01
1.472508907318115234e-01
1.436920166015625000e-01
1.400241851806640625e-01
1.371568441390991211e-01
1.346977949142456055e-01
1.322323083877563477e-01
1.302440166473388672e-01
1.283720731735229492e-01
1.270370483398437500e-01
1.252601146697998047e-01
1.239101886749267578e-01
1.229010820388793945e-01
1.208286285400390625e-01
1.187070608139038086e-01
1.171882152557373047e-01
1.161633729934692383e-01
1.143684387207031250e-01
1.131016016006469727e-01
1.120765209197998047e-01
1.113554239273071289e-01
1.102759838104248047e-01
1.092381477355957031e-01
1.095044612884521484e-01
1.088428497314453125e-01
1.077766418457031250e-01
1.064851284027099609e-01
1.065223217010498047e-01
1.054636240005493164e-01
1.051559448242187500e-01
1.049963235855102539e-01
1.055009365081787109e-01
1.045712232589721680e-01
1.039671897888183594e-01
1.031433343887329102e-01
1.034651994705200195e-01
1.030595302581787109e-01
1.036374568939208984e-01
1.038068532943725586e-01
1.047500371932983398e-01
1.044151782989501953e-01
1.046624183654785156e-01
1.046149730682373047e-01
1.050366163253784180e-01
1.053708791732788086e-01
1.056528091430664062e-01
1.060496568679809570e-01
1.059115529060363770e-01
1.065391302108764648e-01
1.057840585708618164e-01
1.060324907302856445e-01
1.061889529228210449e-01
1.071203351020812988e-01
1.076103448867797852e-01
1.086704134941101074e-01
1.092510223388671875e-01
1.094911098480224609e-01
1.103405356407165527e-01
1.107225418090820312e-01
1.113095283508300781e-01
1.119383573532104492e-01
1.127750873565673828e-01
1.128354072570800781e-01
1.132731437683105469e-01
1.136801242828369141e-01
1.143172979354858398e-01
1.151092052459716797e-01
1.155688166618347168e-01
1.161843538284301758e-01
1.167373061180114746e-01
1.177312135696411133e-01
1.171980500221252441e-01
1.174240112304687500e-01
1.172980070114135742e-01
1.180118322372436523e-01
1.171062588691711426e-01
1.175888776779174805e-01
1.179963350296020508e-01
1.184406280517578125e-01
1.181477308273315430e-01
1.188482642173767090e-01
1.187289953231811523e-01
1.183571815490722656e-01
1.179857254028320312e-01
1.183334589004516602e-01
1.173015236854553223e-01
1.170825362205505371e-01
1.168439388275146484e-01
1.162366271018981934e-01
1.150156855583190918e-01
1.151300072669982910e-01
1.154496073722839355e-01
1.149415373802185059e-01
1.146584749221801758e-01
1.142770648002624512e-01
1.131833195686340332e-01
1.121008992195129395e-01
1.115735769271850586e-01
1.110342741012573242e-01
1.099673509597778320e-01
1.098975539207458496e-01
1.091074943542480469e-01
1.084141731262207031e-01
1.072784662246704102e-01
1.070587635040283203e-01
1.057947278022766113e-01
1.042696237564086914e-01
1.026718616485595703e-01
1.015343070030212402e-01
1.001816987991333008e-01
9.944915771484375000e-02
9.923607110977172852e-02
9.911507368087768555e-02
9.914523363113403320e-02
9.817868471145629883e-02
9.694373607635498047e-02
9.588563442230224609e-02
9.476286172866821289e-02
9.344828128814697266e-02
9.289336204528808594e-02
9.248411655426025391e-02
9.202212095260620117e-02
9.141659736633300781e-02
9.098231792449951172e-02
8.986020088195800781e-02
8.873313665390014648e-02
8.839702606201171875e-02
8.770489692687988281e-02
8.687937259674072266e-02
8.715319633483886719e-02
8.776700496673583984e-02
8.762741088867187500e-02
8.823609352111816406e-02
8.910131454467773438e-02
8.944004774093627930e-02
8.970600366592407227e-02
8.945035934448242188e-02
8.981674909591674805e-02
8.944904804229736328e-02
9.070557355880737305e-02
9.126454591751098633e-02
9.220701456069946289e-02
9.238481521606445312e-02
9.317052364349365234e-02
9.335672855377197266e-02
9.351831674575805664e-02
9.384346008300781250e-02
9.421765804290771484e-02
9.527039527893066406e-02
9.522908926010131836e-02
9.567284584045410156e-02
9.594023227691650391e-02
9.650635719299316406e-02
9.597849845886230469e-02
9.621912240982055664e-02
9.632575511932373047e-02
9.648662805557250977e-02
9.612655639648437500e-02
9.599184989929199219e-02
9.608846902847290039e-02
9.600728750228881836e-02
9.593307971954345703e-02
9.673434495925903320e-02
9.685337543487548828e-02
9.659230709075927734e-02
9.651845693588256836e-02
9.617447853088378906e-02
9.508335590362548828e-02
9.487134218215942383e-02
9.477913379669189453e-02
9.423953294754028320e-02
9.468078613281250000e-02
9.475797414779663086e-02
9.451061487197875977e-02
9.396481513977050781e-02
9.445786476135253906e-02
9.384089708328247070e-02
9.361261129379272461e-02
9.337699413299560547e-02
9.326219558715820312e-02
9.277951717376708984e-02
9.289437532424926758e-02
9.240484237670898438e-02
9.202593564987182617e-02
9.182989597320556641e-02
9.152406454086303711e-02
9.088611602783203125e-02
9.034401178359985352e-02
9.051865339279174805e-02
9.014475345611572266e-02
8.981901407241821289e-02
8.926397562026977539e-02
8.978736400604248047e-02
8.916211128234863281e-02
8.878600597381591797e-02
8.849120140075683594e-02
8.780729770660400391e-02
8.748817443847656250e-02
8.702921867370605469e-02
8.657741546630859375e-02
8.580577373504638672e-02
8.595085144042968750e-02
8.488833904266357422e-02
8.473509550094604492e-02
8.462715148925781250e-02
8.467304706573486328e-02
8.411550521850585938e-02
8.375442028045654297e-02
8.405756950378417969e-02
8.361005783081054688e-02
8.287882804870605469e-02
8.296883106231689453e-02
8.303010463714599609e-02
8.217346668243408203e-02
8.204281330108642578e-02
8.253657817840576172e-02
8.252406120300292969e-02
8.233463764190673828e-02
8.227133750915527344e-02
8.212947845458984375e-02
8.207178115844726562e-02
8.178675174713134766e-02
8.168125152587890625e-02
8.152520656585693359e-02
8.132219314575195312e-02
8.078753948211669922e-02
8.078706264495849609e-02
8.085775375366210938e-02
8.128726482391357422e-02
8.115267753601074219e-02
8.044326305389404297e-02
8.031105995178222656e-02
8.004820346832275391e-02
7.970857620239257812e-02
7.950937747955322266e-02
8.024299144744873047e-02
7.989144325256347656e-02
7.968151569366455078e-02
7.911598682403564453e-02
7.932603359222412109e-02
7.903826236724853516e-02
7.939946651458740234e-02
7.897710800170898438e-02
7.922983169555664062e-02
7.854282855987548828e-02
7.822442054748535156e-02
7.776510715484619141e-02
7.816898822784423828e-02
7.793855667114257812e-02
7.846069335937500000e-02
7.850551605224609375e-02
7.825839519500732422e-02
7.801020145416259766e-02
7.786953449249267578e-02
7.696664333343505859e-02
7.666349411010742188e-02
7.593166828155517578e-02
7.531213760375976562e-02
7.523167133331298828e-02
7.514858245849609375e-02
7.515680789947509766e-02
7.583057880401611328e-02
7.650697231292724609e-02
7.640790939331054688e-02
7.719039916992187500e-02
7.693052291870117188e-02
7.682847976684570312e-02
7.644569873809814453e-02
7.614183425903320312e-02
7.562971115112304688e-02
