1.425371170043945312e-01
1.390867233276367188e-01
1.366224288940429688e-01
1.317567825317382812e-01
1.262073516845703125e-01
1.222236156463623047e-01
1.184337139129638672e-01
1.146948337554931641e-01
1.105489730834960938e-01
1.082625389099121094e-01
1.047301292419433594e-01
1.029531955718994141e-01
9.815931320190429688e-02
9.606599807739257812e-02
9.292745590209960938e-02
9.001588821411132812e-02
8.758783340454101562e-02
8.486104011535644531e-02
8.433485031127929688e-02
8.348894119262695312e-02
8.274888992309570312e-02
8.116483688354492188e-02
8.084845542907714844e-02
7.953476905822753906e-02
7.849764823913574219e-02
7.798671722412109375e-02
7.747125625610351562e-02
7.668709754943847656e-02
7.583975791931152344e-02
7.652878761291503906e-02
7.560944557189941406e-02
7.524466514587402344e-02
7.514691352844238281e-02
7.675361633300781250e-02
7.682538032531738281e-02
7.775735855102539062e-02
7.966852188110351562e-02
8.136820793151855469e-02
8.049416542053222656e-02
7.881641387939453125e-02
7.651019096374511719e-02
7.574486732482910156e-02
7.430839538574218750e-02
7.321953773498535156e-02
7.321023941040039062e-02
7.516574859619140625e-02
7.379555702209472656e-02
7.335567474365234375e-02
7.312297821044921875e-02
7.266378402709960938e-02
6.931376457214355469e-02
6.706762313842773438e-02
6.484436988830566406e-02
6.383061408996582031e-02
6.246519088745117188e-02
6.256985664367675781e-02
6.254625320434570312e-02
6.239342689514160156e-02
6.232857704162597656e-02
6.418991088867187500e-02
6.786227226257324219e-02
7.257223129272460938e-02
7.757973670959472656e-02
8.098363876342773438e-02
8.803486824035644531e-02
9.397602081298828125e-02
1.021487712860107422e-01
1.092929840087890625e-01
1.200542449951171875e-01
1.284606456756591797e-01
1.382870674133300781e-01
1.488058567047119141e-01
1.609661579132080078e-01
1.714136600494384766e-01
1.828091144561767578e-01
1.951935291290283203e-01
2.063426971435546875e-01
2.186880111694335938e-01
2.306141853332519531e-01
2.425360679626464844e-01
2.528942823410034180e-01
2.625408172607421875e-01
2.698831558227539062e-01
2.771418094635009766e-01
2.839753627777099609e-01
2.888275384902954102e-01
2.925289869308471680e-01
2.959792613983154297e-01
2.977654933929443359e-01
2.962151765823364258e-01
2.952952384948730469e-01
2.933546304702758789e-01
2.903662919998168945e-01
2.868995666503906250e-01
2.840950489044189453e-01
2.800152301788330078e-01
2.766662836074829102e-01
2.723484039306640625e-01
2.682975530624389648e-01
2.643549442291259766e-01
2.609443664550781250e-01
2.573106288909912109e-01
2.545037269592285156e-01
2.516361474990844727e-01
2.488112449645996094e-01
2.462470531463623047e-01
2.432596683502197266e-01
2.408970594406127930e-01
2.383923530578613281e-01
2.377728223800659180e-01
2.364403009414672852e-01
2.358632087707519531e-01
2.348003387451171875e-01
2.343534231185913086e-01
2.327435016632080078e-01
2.313599586486816406e-01
2.299631834030151367e-01
2.294255495071411133e-01
2.284611463546752930e-01
2.272144556045532227e-01
2.269402742385864258e-01
2.261028289794921875e-01
2.251622676849365234e-01
2.250499725341796875e-01
2.241729497909545898e-01
2.233512401580810547e-01
2.230350971221923828e-01
2.220035791397094727e-01
2.203006744384765625e-01
2.190902233123779297e-01
2.175738811492919922e-01
2.158912420272827148e-01
2.152127027511596680e-01
2.144640684127807617e-01
2.143757343292236328e-01
2.137176990509033203e-01
2.131928205490112305e-01
2.119176387786865234e-01
2.111073732376098633e-01
2.096835374832153320e-01
2.089121341705322266e-01
2.085751295089721680e-01
2.078214883804321289e-01
2.060703039169311523e-01
2.040035724639892578e-01
2.015916109085083008e-01
1.991096735000610352e-01
1.963583230972290039e-01
1.945747137069702148e-01
1.929736137390136719e-01
1.917457580566406250e-01
1.898725032806396484e-01
1.884065866470336914e-01
1.865669488906860352e-01
1.851960420608520508e-01
1.830315589904785156e-01
1.810415983200073242e-01
1.793678998947143555e-01
1.775028109550476074e-01
1.754186153411865234e-01
1.732407808303833008e-01
1.718634366989135742e-01
1.707375645637512207e-01
1.695291399955749512e-01
1.683714389801025391e-01
1.678127646446228027e-01
1.664866209030151367e-01
1.653195619583129883e-01
1.646224856376647949e-01
1.640936136245727539e-01
1.630624532699584961e-01
1.624788045883178711e-01
1.614190340042114258e-01
1.605561971664428711e-01
1.601305007934570312e-01
1.596226692199707031e-01
1.589008569717407227e-01
1.587148904800415039e-01
1.581841111183166504e-01
1.578152179718017578e-01
1.581988930702209473e-01
1.587837934494018555e-01
1.585754752159118652e-01
1.588351726531982422e-01
1.584811806678771973e-01
1.582323312759399414e-01
1.573308110237121582e-01
1.573732495307922363e-01
1.578494906425476074e-01
1.581003665924072266e-01
1.586543321609497070e-01
1.594985723495483398e-01
1.600555181503295898e-01
1.601721644401550293e-01
1.605980396270751953e-01
1.614100933074951172e-01
1.613183021545410156e-01
1.612134575843811035e-01
1.614694595336914062e-01
1.616246104240417480e-01
1.612436771392822266e-01
1.620456576347351074e-01
1.629810333251953125e-01
1.632465124130249023e-01
1.633841991424560547e-01
1.635689735412597656e-01
1.639991402626037598e-01
1.639513373374938965e-01
1.641466617584228516e-01
1.642343997955322266e-01
1.644679307937622070e-01
1.639958024024963379e-01
1.639037132263183594e-01
1.634525060653686523e-01
1.634576320648193359e-01
1.629039049148559570e-01
1.627469658851623535e-01
1.621230840682983398e-01
1.618638038635253906e-01
1.611430048942565918e-01
1.606863737106323242e-01
1.601248979568481445e-01
1.602591872215270996e-01
1.601443886756896973e-01
1.605841517448425293e-01
1.604134440422058105e-01
1.598945856094360352e-01
1.588418483734130859e-01
1.579921841621398926e-01
1.575211286544799805e-01
1.575455665588378906e-01
1.579476594924926758e-01
1.585156321525573730e-01
1.588839292526245117e-01
1.585036516189575195e-01
1.579426527023315430e-01
1.573533415794372559e-01
1.577898263931274414e-01
1.581339836120605469e-01
1.585136651992797852e-01
1.593171358108520508e-01
1.606867313385009766e-01
1.611757278442382812e-01
1.619219779968261719e-01
1.631222963333129883e-01
1.642014384269714355e-01
1.653482317924499512e-01
1.663507223129272461e-01
1.681008934974670410e-01
1.694004535675048828e-01
1.715382933616638184e-01
1.728965640068054199e-01
1.743112206459045410e-01
1.756327152252197266e-01
1.773555278778076172e-01
1.787331104278564453e-01
1.804794669151306152e-01
1.827030181884765625e-01
1.841214895248413086e-01
1.862154006958007812e-01
1.875048279762268066e-01
1.894611120223999023e-01
1.907087564468383789e-01
1.918354034423828125e-01
1.923770904541015625e-01
1.935394406318664551e-01
1.939784288406372070e-01
1.947380900382995605e-01
1.956864595413208008e-01
1.957858800888061523e-01
1.969984173774719238e-01
1.979425549507141113e-01
1.985486745834350586e-01
2.000442147254943848e-01
2.018902301788330078e-01
2.018512487411499023e-01
2.024136185646057129e-01
2.029590606689453125e-01
2.028012275695800781e-01
2.029120326042175293e-01
2.035182714462280273e-01
2.033664584159851074e-01
2.044836282730102539e-01
2.052270770072937012e-01
2.052850127220153809e-01
2.056119441986083984e-01
2.061082124710083008e-01
2.058196663856506348e-01
2.055880427360534668e-01
2.060554027557373047e-01
2.063266038894653320e-01
2.062894105911254883e-01
2.061185240745544434e-01
2.063636779785156250e-01
2.060250639915466309e-01
2.056103944778442383e-01
2.058634161949157715e-01
2.058057785034179688e-01
2.050852179527282715e-01
2.048842310905456543e-01
2.049735784530639648e-01
2.041093707084655762e-01
2.029890418052673340e-01
2.029570341110229492e-01
2.024745941162109375e-01
2.015717029571533203e-01
2.011884450912475586e-01
2.008686065673828125e-01
2.002081871032714844e-01
1.995009183883666992e-01
1.985875368118286133e-01
1.976859569549560547e-01
1.971839666366577148e-01
1.961948871612548828e-01
1.956222653388977051e-01
1.952166557312011719e-01
1.949003934860229492e-01
1.937516927719116211e-01
1.927311420440673828e-01
1.924093961715698242e-01
1.916658878326416016e-01
1.907446384429931641e-01
1.908086538314819336e-01
1.907217502593994141e-01
1.893777847290039062e-01
1.889220476150512695e-01
1.892645359039306641e-01
1.883188486099243164e-01
1.875021457672119141e-01
1.876528263092041016e-01
1.870291233062744141e-01
1.863645315170288086e-01
1.865659952163696289e-01
1.870385408401489258e-01
1.865870952606201172e-01
1.864018440246582031e-01
1.856595277786254883e-01
1.852166652679443359e-01
1.842979192733764648e-01
1.840863227844238281e-01
1.835693120956420898e-01
1.823940277099609375e-01
1.819469928741455078e-01
1.812686920166015625e-01
1.802467107772827148e-01
1.794453859329223633e-01
1.795974969863891602e-01
1.785018444061279297e-01
1.775485277175903320e-01
1.768124103546142578e-01
1.764451265335083008e-01
1.755167245864868164e-01
1.751276254653930664e-01
1.747051477432250977e-01
1.739796400070190430e-01
1.732157468795776367e-01
1.725083589553833008e-01
1.712234020233154297e-01
1.705015897750854492e-01
1.694254875183105469e-01
1.688876152038574219e-01
1.684097051620483398e-01
1.681634187698364258e-01
1.675403118133544922e-01
1.679866313934326172e-01
1.669224500656127930e-01
1.661142110824584961e-01
1.656169891357421875e-01
1.649203300476074219e-01
1.636278629302978516e-01
1.621773242950439453e-01
1.612260341644287109e-01
1.598395109176635742e-01
1.590352058410644531e-01
1.577875614166259766e-01
1.577652692794799805e-01
1.564151048660278320e-01
1.561014652252197266e-01
1.553246974945068359e-01
1.551340818405151367e-01
1.546655893325805664e-01
