3.299975395202636719e-02
3.165555000305175781e-02
3.205823898315429688e-02
3.113913536071777344e-02
2.993011474609375000e-02
2.995610237121582031e-02
2.999138832092285156e-02
2.803063392639160156e-02
2.772712707519531250e-02
2.863192558288574219e-02
2.800822257995605469e-02
2.701592445373535156e-02
2.636289596557617188e-02
2.594327926635742188e-02
2.535676956176757812e-02
2.375197410583496094e-02
2.372670173645019531e-02
2.118420600891113281e-02
2.045893669128417969e-02
1.810860633850097656e-02
1.703190803527832031e-02
1.592636108398437500e-02
1.743459701538085938e-02
1.652884483337402344e-02
1.626110076904296875e-02
1.734852790832519531e-02
1.718902587890625000e-02
1.711082458496093750e-02
1.619005203247070312e-02
1.699757575988769531e-02
1.653861999511718750e-02
1.508593559265136719e-02
1.473665237426757812e-02
1.398205757141113281e-02
1.341128349304199219e-02
1.203203201293945312e-02
1.378822326660156250e-02
1.423311233520507812e-02
1.442885398864746094e-02
1.402783393859863281e-02
1.492428779602050781e-02
1.486515998840332031e-02
1.426124572753906250e-02
1.319360733032226562e-02
1.215672492980957031e-02
1.196694374084472656e-02
1.137042045593261719e-02
1.239323616027832031e-02
1.358318328857421875e-02
1.367330551147460938e-02
1.322650909423828125e-02
1.121830940246582031e-02
9.668111801147460938e-03
8.634805679321289062e-03
8.080720901489257812e-03
8.498668670654296875e-03
9.329080581665039062e-03
8.456707000732421875e-03
7.585048675537109375e-03
8.442401885986328125e-03
7.453918457031250000e-03
7.969617843627929688e-03
8.223056793212890625e-03
8.121967315673828125e-03
8.020401000976562500e-03
6.872892379760742188e-03
8.117914199829101562e-03
6.125926971435546875e-03
6.347417831420898438e-03
4.870414733886718750e-03
5.371570587158203125e-03
4.879951477050781250e-03
6.289482116699218750e-03
6.278514862060546875e-03
7.166385650634765625e-03
8.382081985473632812e-03
8.738517761230468750e-03
9.941816329956054688e-03
1.082468032836914062e-02
1.211667060852050781e-02
1.151168346405029297e-02
1.273751258850097656e-02
1.237726211547851562e-02
1.288247108459472656e-02
1.333761215209960938e-02
1.477611064910888672e-02
1.490831375122070312e-02
1.521062850952148438e-02
1.512670516967773438e-02
1.435422897338867188e-02
1.421749591827392578e-02
1.428186893463134766e-02
1.481592655181884766e-02
1.572477817535400391e-02
1.640355587005615234e-02
1.621508598327636719e-02
1.631486415863037109e-02
1.588833332061767578e-02
1.535105705261230469e-02
1.503157615661621094e-02
1.501822471618652344e-02
1.586318016052246094e-02
1.607334613800048828e-02
1.602423191070556641e-02
1.705849170684814453e-02
1.748728752136230469e-02
1.666557788848876953e-02
1.614046096801757812e-02
1.614880561828613281e-02
1.625967025756835938e-02
1.639771461486816406e-02
1.695513725280761719e-02
1.778757572174072266e-02
1.823675632476806641e-02
1.789307594299316406e-02
1.755416393280029297e-02
1.748895645141601562e-02
1.760482788085937500e-02
1.776301860809326172e-02
1.794326305389404297e-02
1.796007156372070312e-02
1.706480979919433594e-02
1.691365242004394531e-02
1.710498332977294922e-02
1.667892932891845703e-02
1.693081855773925781e-02
1.707267761230468750e-02
1.720643043518066406e-02
1.648569107055664062e-02
1.666831970214843750e-02
1.627683639526367188e-02
1.655924320220947266e-02
1.663637161254882812e-02
1.651704311370849609e-02
1.659607887268066406e-02
1.616477966308593750e-02
1.597845554351806641e-02
1.523160934448242188e-02
1.606380939483642578e-02
1.527547836303710938e-02
1.586830615997314453e-02
1.647543907165527344e-02
1.720190048217773438e-02
1.666593551635742188e-02
1.704311370849609375e-02
1.684737205505371094e-02
1.641774177551269531e-02
1.604330539703369141e-02
1.571249961853027344e-02
1.562905311584472656e-02
1.561331748962402344e-02
1.581966876983642578e-02
1.611161231994628906e-02
1.633179187774658203e-02
1.653432846069335938e-02
1.680457592010498047e-02
1.643812656402587891e-02
1.646852493286132812e-02
1.623052358627319336e-02
1.660823822021484375e-02
1.622366905212402344e-02
1.635277271270751953e-02
1.691573858261108398e-02
1.791995763778686523e-02
1.800173521041870117e-02
1.871132850646972656e-02
1.925832033157348633e-02
1.924800872802734375e-02
1.939451694488525391e-02
1.979064941406250000e-02
2.010065317153930664e-02
2.047777175903320312e-02
2.049666643142700195e-02
2.028149366378784180e-02
2.003461122512817383e-02
1.990962028503417969e-02
1.992666721343994141e-02
2.071177959442138672e-02
2.104067802429199219e-02
2.149999141693115234e-02
2.175194025039672852e-02
2.175390720367431641e-02
2.101343870162963867e-02
2.078163623809814453e-02
2.035039663314819336e-02
2.085667848587036133e-02
2.030354738235473633e-02
1.991397142410278320e-02
2.020072937011718750e-02
2.019286155700683594e-02
1.968312263488769531e-02
1.984822750091552734e-02
1.979923248291015625e-02
1.877665519714355469e-02
1.811373233795166016e-02
1.777124404907226562e-02
1.679491996765136719e-02
1.603341102600097656e-02
1.588726043701171875e-02
1.540505886077880859e-02
1.434171199798583984e-02
1.408904790878295898e-02
1.407659053802490234e-02
1.347285509109497070e-02
1.284319162368774414e-02
1.262992620468139648e-02
1.239663362503051758e-02
1.190912723541259766e-02
1.161515712738037109e-02
1.166462898254394531e-02
1.122224330902099609e-02
1.106876134872436523e-02
1.065671443939208984e-02
1.037073135375976562e-02
1.014214754104614258e-02
1.022011041641235352e-02
9.910762310028076172e-03
9.194374084472656250e-03
8.811950683593750000e-03
8.593738079071044922e-03
8.065104484558105469e-03
7.540643215179443359e-03
7.811009883880615234e-03
7.991671562194824219e-03
7.974326610565185547e-03
7.541358470916748047e-03
7.047295570373535156e-03
6.855964660644531250e-03
5.959689617156982422e-03
5.533993244171142578e-03
5.735218524932861328e-03
6.534099578857421875e-03
6.802260875701904297e-03
7.103383541107177734e-03
6.737232208251953125e-03
6.304621696472167969e-03
5.686819553375244141e-03
5.432724952697753906e-03
5.415916442871093750e-03
5.439639091491699219e-03
5.030632019042968750e-03
5.276799201965332031e-03
4.556298255920410156e-03
4.431843757629394531e-03
4.437804222106933594e-03
4.490315914154052734e-03
4.217922687530517578e-03
3.971755504608154297e-03
3.870785236358642578e-03
3.470659255981445312e-03
3.732144832611083984e-03
3.471255302429199219e-03
3.717362880706787109e-03
3.549933433532714844e-03
3.557682037353515625e-03
3.512501716613769531e-03
3.646492958068847656e-03
4.160284996032714844e-03
3.941535949707031250e-03
4.641830921173095703e-03
4.599511623382568359e-03
4.851639270782470703e-03
4.742860794067382812e-03
4.869997501373291016e-03
4.585564136505126953e-03
4.720628261566162109e-03
4.329085350036621094e-03
3.782927989959716797e-03
3.595113754272460938e-03
2.942919731140136719e-03
2.876996994018554688e-03
2.764105796813964844e-03
2.690613269805908203e-03
3.501832485198974609e-03
4.143834114074707031e-03
3.804028034210205078e-03
4.019081592559814453e-03
4.215359687805175781e-03
3.459692001342773438e-03
2.945184707641601562e-03
3.256738185882568359e-03
2.690851688385009766e-03
3.008484840393066406e-03
3.074645996093750000e-03
3.223359584808349609e-03
2.864599227905273438e-03
3.189742565155029297e-03
2.657711505889892578e-03
2.127408981323242188e-03
2.197206020355224609e-03
2.556920051574707031e-03
2.473413944244384766e-03
2.626240253448486328e-03
3.129005432128906250e-03
2.604067325592041016e-03
2.297997474670410156e-03
2.512514591217041016e-03
2.595663070678710938e-03
2.033114433288574219e-03
1.803100109100341797e-03
1.745998859405517578e-03
1.315116882324218750e-03
8.041858673095703125e-04
1.780152320861816406e-03
1.970887184143066406e-03
2.104401588439941406e-03
2.133965492248535156e-03
2.291798591613769531e-03
2.183198928833007812e-03
2.583146095275878906e-03
2.471566200256347656e-03
3.190398216247558594e-03
3.300428390502929688e-03
2.988696098327636719e-03
3.084719181060791016e-03
3.323435783386230469e-03
2.669453620910644531e-03
2.155900001525878906e-03
1.405239105224609375e-03
1.579403877258300781e-03
1.284718513488769531e-03
8.568763732910156250e-04
1.326918601989746094e-03
1.967430114746093750e-03
1.256704330444335938e-03
9.324550628662109375e-04
1.850128173828125000e-03
1.608371734619140625e-03
1.580238342285156250e-03
2.420306205749511719e-03
2.499103546142578125e-03
2.252101898193359375e-03
2.399563789367675781e-03
2.778053283691406250e-03
2.387523651123046875e-03
2.517223358154296875e-03
2.274036407470703125e-03
2.123475074768066406e-03
1.977205276489257812e-03
2.264380455017089844e-03
2.417564392089843750e-03
2.283811569213867188e-03
2.826571464538574219e-03
2.212047576904296875e-03
1.560688018798828125e-03
1.227259635925292969e-03
1.666069030761718750e-03
1.695752143859863281e-03
2.166867256164550781e-03
2.230763435363769531e-03
2.534985542297363281e-03
2.072572708129882812e-03
2.157688140869140625e-03
1.973509788513183594e-03
1.902937889099121094e-03
2.134919166564941406e-03
2.289652824401855469e-03
1.921415328979492188e-03
1.703739166259765625e-03
1.653790473937988281e-03
1.300692558288574219e-03
1.255273818969726562e-03
1.488208770751953125e-03
1.715183258056640625e-03
2.442121505737304688e-03
1.825809478759765625e-03
1.671671867370605469e-03
1.592040061950683594e-03
1.599788665771484375e-03
1.047015190124511719e-03
1.411914825439453125e-03
1.439809799194335938e-03
1.099586486816406250e-03
1.596689224243164062e-03
1.648545265197753906e-03
2.077221870422363281e-03
1.956224441528320312e-03
2.007603645324707031e-03
1.530647277832031250e-03
1.492619514465332031e-03
1.360654830932617188e-03
