7.316589355468750000e-03
7.337570190429687500e-03
7.277250289916992188e-03
7.381439208984375000e-03
6.350278854370117188e-03
6.310224533081054688e-03
5.557775497436523438e-03
5.592584609985351562e-03
3.675699234008789062e-03
3.471136093139648438e-03
3.459930419921875000e-03
4.254341125488281250e-03
4.092216491699218750e-03
5.971431732177734375e-03
6.507873535156250000e-03
6.040096282958984375e-03
5.928039550781250000e-03
4.703044891357421875e-03
4.491806030273437500e-03
4.143953323364257812e-03
4.536867141723632812e-03
4.297733306884765625e-03
4.960775375366210938e-03
5.707263946533203125e-03
6.058216094970703125e-03
6.414890289306640625e-03
4.539251327514648438e-03
3.550767898559570312e-03
1.494169235229492188e-03
2.424478530883789062e-03
6.253719329833984375e-04
1.527547836303710938e-03
1.078128814697265625e-03
1.923561096191406250e-03
1.034736633300781250e-03
2.207994461059570312e-03
2.149820327758789062e-03
4.588365554809570312e-03
3.981828689575195312e-03
2.084255218505859375e-03
1.748800277709960938e-03
1.393318176269531250e-03
-6.392002105712890625e-04
-1.668453216552734375e-03
-6.787776947021484375e-04
1.406669616699218750e-04
8.609294891357421875e-04
2.531766891479492188e-03
5.812168121337890625e-03
6.869792938232421875e-03
4.450798034667968750e-03
3.633975982666015625e-03
3.477811813354492188e-03
1.025199890136718750e-05
-5.018711090087890625e-04
1.893043518066406250e-04
-3.707408905029296875e-04
-1.096963882446289062e-03
4.336833953857421875e-04
9.732246398925781250e-04
2.902507781982421875e-03
4.633665084838867188e-03
4.423856735229492188e-03
5.251407623291015625e-03
3.927946090698242188e-03
3.185510635375976562e-03
3.575086593627929688e-03
2.651214599609375000e-03
2.799034118652343750e-03
2.622365951538085938e-03
2.837896347045898438e-03
2.251625061035156250e-03
4.070281982421875000e-03
2.449274063110351562e-03
3.163337707519531250e-03
4.024982452392578125e-03
4.692554473876953125e-03
5.400657653808593750e-03
7.412672042846679688e-03
7.432460784912109375e-03
7.699847221374511719e-03
7.757544517517089844e-03
6.590008735656738281e-03
6.784677505493164062e-03
8.011221885681152344e-03
8.761644363403320312e-03
9.889841079711914062e-03
1.043248176574707031e-02
1.022315025329589844e-02
9.635448455810546875e-03
9.091258049011230469e-03
9.067773818969726562e-03
1.018345355987548828e-02
1.098799705505371094e-02
1.164126396179199219e-02
1.136922836303710938e-02
1.151418685913085938e-02
1.128637790679931641e-02
1.140093803405761719e-02
1.122879981994628906e-02
1.240909099578857422e-02
1.284134387969970703e-02
1.275682449340820312e-02
1.265072822570800781e-02
1.303482055664062500e-02
1.263499259948730469e-02
1.220262050628662109e-02
1.183450222015380859e-02
1.200819015502929688e-02
1.286017894744873047e-02
1.346409320831298828e-02
1.425290107727050781e-02
1.546525955200195312e-02
1.547884941101074219e-02
1.505899429321289062e-02
1.458144187927246094e-02
1.439106464385986328e-02
1.436817646026611328e-02
1.493370532989501953e-02
1.517975330352783203e-02
1.603114604949951172e-02
1.591944694519042969e-02
1.597690582275390625e-02
1.615142822265625000e-02
1.621794700622558594e-02
1.648950576782226562e-02
1.657724380493164062e-02
1.642572879791259766e-02
1.625061035156250000e-02
1.615369319915771484e-02
1.574993133544921875e-02
1.612389087677001953e-02
1.680219173431396484e-02
1.661753654479980469e-02
1.701891422271728516e-02
1.657915115356445312e-02
1.630115509033203125e-02
1.573646068572998047e-02
1.583898067474365234e-02
1.525926589965820312e-02
1.551318168640136719e-02
1.617920398712158203e-02
1.621317863464355469e-02
1.614248752593994141e-02
1.633691787719726562e-02
1.628518104553222656e-02
1.651251316070556641e-02
1.687693595886230469e-02
1.725625991821289062e-02
1.743841171264648438e-02
1.857793331146240234e-02
1.864600181579589844e-02
1.906955242156982422e-02
1.927161216735839844e-02
1.943290233612060547e-02
1.930379867553710938e-02
1.830101013183593750e-02
1.820099353790283203e-02
1.785606145858764648e-02
1.799297332763671875e-02
1.685947179794311523e-02
1.699674129486083984e-02
1.679641008377075195e-02
1.687514781951904297e-02
1.699721813201904297e-02
1.748043298721313477e-02
1.729780435562133789e-02
1.703691482543945312e-02
1.728844642639160156e-02
1.706135272979736328e-02
1.684987545013427734e-02
1.747357845306396484e-02
1.712560653686523438e-02
1.633721590042114258e-02
1.590931415557861328e-02
1.591771841049194336e-02
1.557105779647827148e-02
1.569533348083496094e-02
1.582300662994384766e-02
1.663255691528320312e-02
1.712566614151000977e-02
1.749378442764282227e-02
1.746231317520141602e-02
1.773715019226074219e-02
1.685577630996704102e-02
1.721036434173583984e-02
1.679044961929321289e-02
1.709371805191040039e-02
1.735752820968627930e-02
1.769483089447021484e-02
1.746737957000732422e-02
1.784950494766235352e-02
1.809793710708618164e-02
1.836830377578735352e-02
1.884126663208007812e-02
1.950669288635253906e-02
1.963376998901367188e-02
1.987558603286743164e-02
2.006602287292480469e-02
2.007550001144409180e-02
1.964974403381347656e-02
2.006500959396362305e-02
2.085095643997192383e-02
2.127087116241455078e-02
2.250826358795166016e-02
2.367198467254638672e-02
2.448070049285888672e-02
2.523529529571533203e-02
2.649641036987304688e-02
2.748310565948486328e-02
2.812600135803222656e-02
2.928036451339721680e-02
3.001123666763305664e-02
3.073883056640625000e-02
3.112530708312988281e-02
3.230524063110351562e-02
3.257501125335693359e-02
3.270119428634643555e-02
3.287899494171142578e-02
3.362989425659179688e-02
3.450971841812133789e-02
3.579121828079223633e-02
3.727620840072631836e-02
3.906649351119995117e-02
4.073280096054077148e-02
4.167431592941284180e-02
4.260432720184326172e-02
4.412394762039184570e-02
4.521995782852172852e-02
4.658007621765136719e-02
4.774606227874755859e-02
4.956638813018798828e-02
5.100876092910766602e-02
5.204069614410400391e-02
5.274701118469238281e-02
5.425047874450683594e-02
5.557841062545776367e-02
5.702507495880126953e-02
5.833089351654052734e-02
5.976140499114990234e-02
6.034350395202636719e-02
6.107175350189208984e-02
6.092917919158935547e-02
6.108510494232177734e-02
6.019759178161621094e-02
5.873399972915649414e-02
5.646687746047973633e-02
5.371415615081787109e-02
5.090731382369995117e-02
4.744756221771240234e-02
4.445964097976684570e-02
4.095810651779174805e-02
3.773480653762817383e-02
3.491008281707763672e-02
3.227305412292480469e-02
2.986907958984375000e-02
2.809959650039672852e-02
2.681237459182739258e-02
2.474725246429443359e-02
2.375674247741699219e-02
2.242881059646606445e-02
2.170181274414062500e-02
2.117991447448730469e-02
2.090311050415039062e-02
2.053737640380859375e-02
2.070438861846923828e-02
2.030164003372192383e-02
1.978379487991333008e-02
1.954138278961181641e-02
1.878076791763305664e-02
1.919174194335937500e-02
1.956653594970703125e-02
1.981389522552490234e-02
2.058482170104980469e-02
2.185928821563720703e-02
2.190744876861572266e-02
2.225786447525024414e-02
2.274954319000244141e-02
2.305752038955688477e-02
2.297037839889526367e-02
2.343827486038208008e-02
2.348381280899047852e-02
2.454596757888793945e-02
2.520680427551269531e-02
2.624207735061645508e-02
2.669316530227661133e-02
2.812802791595458984e-02
2.895742654800415039e-02
2.963751554489135742e-02
3.065627813339233398e-02
3.181958198547363281e-02
3.258848190307617188e-02
3.338211774826049805e-02
3.422987461090087891e-02
3.495734930038452148e-02
3.551864624023437500e-02
3.655999898910522461e-02
3.707444667816162109e-02
3.754812479019165039e-02
3.837496042251586914e-02
3.946471214294433594e-02
4.026764631271362305e-02
4.106360673904418945e-02
4.272860288619995117e-02
4.354757070541381836e-02
4.433488845825195312e-02
4.483449459075927734e-02
4.534256458282470703e-02
4.529714584350585938e-02
4.542529582977294922e-02
4.568386077880859375e-02
4.550659656524658203e-02
4.516541957855224609e-02
4.467344284057617188e-02
4.432612657546997070e-02
4.357981681823730469e-02
4.278874397277832031e-02
4.197657108306884766e-02
4.081451892852783203e-02
4.031741619110107422e-02
3.930056095123291016e-02
3.808045387268066406e-02
3.764283657073974609e-02
3.711450099945068359e-02
3.572154045104980469e-02
3.545546531677246094e-02
3.603219985961914062e-02
3.541469573974609375e-02
3.504037857055664062e-02
3.474056720733642578e-02
3.389286994934082031e-02
3.351294994354248047e-02
3.354573249816894531e-02
3.440117835998535156e-02
3.470325469970703125e-02
3.504550457000732422e-02
3.532302379608154297e-02
3.536927700042724609e-02
3.533804416656494141e-02
3.589642047882080078e-02
3.628206253051757812e-02
3.566467761993408203e-02
3.706240653991699219e-02
3.784394264221191406e-02
3.844141960144042969e-02
4.025137424468994141e-02
4.269862174987792969e-02
4.430663585662841797e-02
4.533469676971435547e-02
4.733121395111083984e-02
4.929876327514648438e-02
5.115282535552978516e-02
5.299603939056396484e-02
5.584990978240966797e-02
5.871820449829101562e-02
6.182336807250976562e-02
6.501197814941406250e-02
6.812548637390136719e-02
7.250833511352539062e-02
7.648289203643798828e-02
8.058607578277587891e-02
8.592879772186279297e-02
9.151029586791992188e-02
9.669518470764160156e-02
1.027194261550903320e-01
1.093429327011108398e-01
1.155533790588378906e-01
1.226378679275512695e-01
1.301386356353759766e-01
1.375476121902465820e-01
1.448942422866821289e-01
1.530916690826416016e-01
1.602389812469482422e-01
1.680017709732055664e-01
1.750108003616333008e-01
1.813002824783325195e-01
1.861701011657714844e-01
1.919782161712646484e-01
1.956492662429809570e-01
1.990284919738769531e-01
2.011908292770385742e-01
