4.643855094909667969e-01
4.684572219848632812e-01
4.745490550994873047e-01
4.807486534118652344e-01
4.859497547149658203e-01
4.945111274719238281e-01
5.042426586151123047e-01
5.130963325500488281e-01
5.245988368988037109e-01
5.340681076049804688e-01
5.399761199951171875e-01
5.448536872863769531e-01
5.504302978515625000e-01
5.524878501892089844e-01
5.570440292358398438e-01
5.598115921020507812e-01
5.614485740661621094e-01
5.591168403625488281e-01
5.596251487731933594e-01
5.565614700317382812e-01
5.546483993530273438e-01
5.477561950683593750e-01
5.439295768737792969e-01
5.353217124938964844e-01
5.268511772155761719e-01
5.173220634460449219e-01
5.099339485168457031e-01
5.014114379882812500e-01
4.943900108337402344e-01
4.870047569274902344e-01
4.765052795410156250e-01
4.659419059753417969e-01
4.540815353393554688e-01
4.419751167297363281e-01
4.317617416381835938e-01
4.259767532348632812e-01
4.186048507690429688e-01
4.164085388183593750e-01
4.133009910583496094e-01
4.135684967041015625e-01
4.078602790832519531e-01
4.126420021057128906e-01
4.139070510864257812e-01
4.188647270202636719e-01
4.262361526489257812e-01
4.390902519226074219e-01
4.454135894775390625e-01
4.579010009765625000e-01
4.706263542175292969e-01
4.798421859741210938e-01
4.918117523193359375e-01
5.065159797668457031e-01
5.190753936767578125e-01
5.315885543823242188e-01
5.439376831054687500e-01
5.559034347534179688e-01
5.669708251953125000e-01
5.708818435668945312e-01
5.749549865722656250e-01
5.778727531433105469e-01
5.748190879821777344e-01
5.652961730957031250e-01
5.579018592834472656e-01
5.454001426696777344e-01
5.283284187316894531e-01
5.066132545471191406e-01
4.850046634674072266e-01
4.580831527709960938e-01
4.314312934875488281e-01
4.035983085632324219e-01
3.746228218078613281e-01
3.449127674102783203e-01
3.185875415802001953e-01
2.928419113159179688e-01
2.692439556121826172e-01
2.495377063751220703e-01
2.337260246276855469e-01
2.168676853179931641e-01
2.020967006683349609e-01
1.904842853546142578e-01
1.792495250701904297e-01
1.690165996551513672e-01
1.609334945678710938e-01
1.520144939422607422e-01
1.456377506256103516e-01
1.404335498809814453e-01
1.346943378448486328e-01
1.305670738220214844e-01
1.280357837677001953e-01
1.232457160949707031e-01
1.196072101593017578e-01
1.167317628860473633e-01
1.131484508514404297e-01
1.091150045394897461e-01
1.059149503707885742e-01
1.024198532104492188e-01
9.863114356994628906e-02
9.519696235656738281e-02
9.311950206756591797e-02
9.059417247772216797e-02
8.774256706237792969e-02
8.577513694763183594e-02
8.338189125061035156e-02
8.123147487640380859e-02
7.870852947235107422e-02
7.687008380889892578e-02
7.481408119201660156e-02
7.305085659027099609e-02
7.106578350067138672e-02
7.034015655517578125e-02
6.817173957824707031e-02
6.622493267059326172e-02
6.458508968353271484e-02
6.252264976501464844e-02
6.065022945404052734e-02
6.043219566345214844e-02
5.959427356719970703e-02
5.938732624053955078e-02
5.840742588043212891e-02
5.695366859436035156e-02
5.599761009216308594e-02
5.536806583404541016e-02
5.444931983947753906e-02
5.426311492919921875e-02
5.419468879699707031e-02
5.423057079315185547e-02
5.402481555938720703e-02
5.384957790374755859e-02
5.421090126037597656e-02
5.447578430175781250e-02
5.302333831787109375e-02
5.285644531250000000e-02
5.218076705932617188e-02
5.149459838867187500e-02
4.996645450592041016e-02
5.003762245178222656e-02
4.944324493408203125e-02
4.810690879821777344e-02
4.788696765899658203e-02
4.876041412353515625e-02
4.848289489746093750e-02
4.828429222106933594e-02
4.971742630004882812e-02
4.988980293273925781e-02
4.963922500610351562e-02
4.976403713226318359e-02
4.924893379211425781e-02
4.837846755981445312e-02
4.863536357879638672e-02
4.905927181243896484e-02
4.913020133972167969e-02
5.043911933898925781e-02
5.113196372985839844e-02
5.083453655242919922e-02
5.151402950286865234e-02
5.272996425628662109e-02
5.275070667266845703e-02
5.376267433166503906e-02
5.469632148742675781e-02
5.551600456237792969e-02
5.580651760101318359e-02
5.558729171752929688e-02
5.621325969696044922e-02
5.712532997131347656e-02
5.691194534301757812e-02
5.712509155273437500e-02
5.859005451202392578e-02
5.885791778564453125e-02
5.848038196563720703e-02
5.912721157073974609e-02
5.996632575988769531e-02
6.027805805206298828e-02
6.044614315032958984e-02
6.076180934906005859e-02
6.116104125976562500e-02
6.135177612304687500e-02
6.212759017944335938e-02
6.317305564880371094e-02
6.388795375823974609e-02
6.464278697967529297e-02
6.546795368194580078e-02
6.607997417449951172e-02
6.710970401763916016e-02
6.841921806335449219e-02
6.857085227966308594e-02
6.924271583557128906e-02
7.004749774932861328e-02
7.092559337615966797e-02
7.209026813507080078e-02
7.328486442565917969e-02
7.477009296417236328e-02
7.584214210510253906e-02
7.603490352630615234e-02
7.687354087829589844e-02
7.827377319335937500e-02
7.867825031280517578e-02
7.964241504669189453e-02
8.153450489044189453e-02
8.289027214050292969e-02
8.400118350982666016e-02
8.586430549621582031e-02
8.665454387664794922e-02
8.696842193603515625e-02
8.777821063995361328e-02
8.868408203125000000e-02
8.933711051940917969e-02
9.084165096282958984e-02
9.211575984954833984e-02
9.290635585784912109e-02
9.449028968811035156e-02
9.568667411804199219e-02
9.646677970886230469e-02
9.718620777130126953e-02
9.804272651672363281e-02
9.796428680419921875e-02
9.822320938110351562e-02
9.885573387145996094e-02
9.920048713684082031e-02
9.978544712066650391e-02
1.008807420730590820e-01
1.012098789215087891e-01
1.017515659332275391e-01
1.032987833023071289e-01
1.037446260452270508e-01
1.047502756118774414e-01
1.059057712554931641e-01
1.061366796493530273e-01
1.059128046035766602e-01
1.069616079330444336e-01
1.061172485351562500e-01
1.061646938323974609e-01
1.072643995285034180e-01
1.078310012817382812e-01
1.078532934188842773e-01
1.088050603866577148e-01
1.094356775283813477e-01
1.103107929229736328e-01
1.112190485000610352e-01
1.122792959213256836e-01
1.141633987426757812e-01
1.156333684921264648e-01
1.161952018737792969e-01
1.179046630859375000e-01
1.196714639663696289e-01
1.206948757171630859e-01
1.222488880157470703e-01
1.242700815200805664e-01
1.261792182922363281e-01
1.272253990173339844e-01
1.289392709732055664e-01
1.310081481933593750e-01
1.329723596572875977e-01
1.347024440765380859e-01
1.373435258865356445e-01
1.400328874588012695e-01
1.424503326416015625e-01
1.454800367355346680e-01
1.478186845779418945e-01
1.501101255416870117e-01
1.526516675949096680e-01
1.552183628082275391e-01
1.566512584686279297e-01
1.588972806930541992e-01
1.610797643661499023e-01
1.627379655838012695e-01
1.636875867843627930e-01
1.653094291687011719e-01
1.670325994491577148e-01
1.686967611312866211e-01
1.710575819015502930e-01
1.727961301803588867e-01
1.751936674118041992e-01
1.761947870254516602e-01
1.773800849914550781e-01
1.783578395843505859e-01
1.805925369262695312e-01
1.824855804443359375e-01
1.850373744964599609e-01
1.874216794967651367e-01
1.892957687377929688e-01
1.909393072128295898e-01
1.919438838958740234e-01
1.931300163269042969e-01
1.944184303283691406e-01
1.950012445449829102e-01
1.956909894943237305e-01
1.970218420028686523e-01
1.980481147766113281e-01
1.991218328475952148e-01
2.008461952209472656e-01
2.020908594131469727e-01
2.027615308761596680e-01
2.038472890853881836e-01
2.043414115905761719e-01
2.046513557434082031e-01
2.060399055480957031e-01
2.074115276336669922e-01
2.086650133132934570e-01
2.093782424926757812e-01
2.104296684265136719e-01
2.112152576446533203e-01
2.115764617919921875e-01
2.119586467742919922e-01
2.131887674331665039e-01
2.142252922058105469e-01
2.143671512603759766e-01
2.158727645874023438e-01
2.157188653945922852e-01
2.158035039901733398e-01
2.153948545455932617e-01
2.148326635360717773e-01
2.142711877822875977e-01
2.146412134170532227e-01
2.152194976806640625e-01
2.157406806945800781e-01
2.168568372726440430e-01
2.168383598327636719e-01
2.173779010772705078e-01
2.179657220840454102e-01
2.185451984405517578e-01
2.189449071884155273e-01
2.195717096328735352e-01
2.204501628875732422e-01
2.203102111816406250e-01
2.210026979446411133e-01
2.215733528137207031e-01
2.224737405776977539e-01
2.234040498733520508e-01
2.238925695419311523e-01
2.243696451187133789e-01
2.249858379364013672e-01
2.257349491119384766e-01
2.265002727508544922e-01
2.275736331939697266e-01
2.276649475097656250e-01
2.285357713699340820e-01
2.289683818817138672e-01
2.289036512374877930e-01
2.299524545669555664e-01
2.319223880767822266e-01
2.326025962829589844e-01
2.323490381240844727e-01
2.331283092498779297e-01
2.333070039749145508e-01
2.327466011047363281e-01
2.342416048049926758e-01
2.354170083999633789e-01
2.363350391387939453e-01
2.371555566787719727e-01
2.374961376190185547e-01
2.370167970657348633e-01
2.370178699493408203e-01
2.366967201232910156e-01
2.368750572204589844e-01
2.373834848403930664e-01
2.371253967285156250e-01
2.379498481750488281e-01
2.375212907791137695e-01
2.371814250946044922e-01
2.372424602508544922e-01
2.371996641159057617e-01
2.368478775024414062e-01
2.373042106628417969e-01
2.371655702590942383e-01
2.373226881027221680e-01
2.373441457748413086e-01
2.368488311767578125e-01
2.369276285171508789e-01
2.367820739746093750e-01
2.364156246185302734e-01
2.367502450942993164e-01
2.361344099044799805e-01
2.367939949035644531e-01
2.372508049011230469e-01
2.378004789352416992e-01
2.371346950531005859e-01
2.377792596817016602e-01
2.369261980056762695e-01
2.365777492523193359e-01
2.359919548034667969e-01
2.361615896224975586e-01
