4.338607788085937500e-01
4.411993026733398438e-01
4.486150741577148438e-01
4.598701000213623047e-01
4.704093933105468750e-01
4.802293777465820312e-01
4.899311065673828125e-01
5.050728321075439453e-01
5.153264999389648438e-01
5.262980461120605469e-01
5.339872837066650391e-01
5.398588180541992188e-01
5.411880016326904297e-01
5.438356399536132812e-01
5.500929355621337891e-01
5.540785789489746094e-01
5.583951473236083984e-01
5.616908073425292969e-01
5.626611709594726562e-01
5.576579570770263672e-01
5.525922775268554688e-01
5.485816001892089844e-01
5.431389808654785156e-01
5.409128665924072266e-01
5.356855392456054688e-01
5.296046733856201172e-01
5.200164318084716797e-01
5.102510452270507812e-01
4.963698387145996094e-01
4.863574504852294922e-01
4.756782054901123047e-01
4.667403697967529297e-01
4.559612274169921875e-01
4.476659297943115234e-01
4.376964569091796875e-01
4.290747642517089844e-01
4.219834804534912109e-01
4.152107238769531250e-01
4.102866649627685547e-01
4.102320671081542969e-01
4.095256328582763672e-01
4.089770317077636719e-01
4.145503044128417969e-01
4.221138954162597656e-01
4.273355007171630859e-01
4.358320236206054688e-01
4.493522644042968750e-01
4.586875438690185547e-01
4.713189601898193359e-01
4.855461120605468750e-01
5.012621879577636719e-01
5.136945247650146484e-01
5.302288532257080078e-01
5.439674854278564453e-01
5.591282844543457031e-01
5.708565711975097656e-01
5.836422443389892578e-01
5.891621112823486328e-01
5.912494659423828125e-01
5.862038135528564453e-01
5.838916301727294922e-01
5.751883983612060547e-01
5.637044906616210938e-01
5.460317134857177734e-01
5.264031887054443359e-01
4.993562698364257812e-01
4.719302654266357422e-01
4.448094367980957031e-01
4.147942066192626953e-01
3.858180046081542969e-01
3.571407794952392578e-01
3.290398120880126953e-01
3.017249107360839844e-01
2.762238979339599609e-01
2.526588439941406250e-01
2.318928241729736328e-01
2.125785350799560547e-01
1.957883834838867188e-01
1.828198432922363281e-01
1.709601879119873047e-01
1.593980789184570312e-01
1.499395370483398438e-01
1.418294906616210938e-01
1.339559555053710938e-01
1.254694461822509766e-01
1.213549375534057617e-01
1.175789833068847656e-01
1.137127876281738281e-01
1.108636856079101562e-01
1.083670854568481445e-01
1.039725542068481445e-01
1.000574827194213867e-01
9.615266323089599609e-02
9.230148792266845703e-02
8.990108966827392578e-02
8.811688423156738281e-02
8.519697189331054688e-02
8.349072933197021484e-02
8.100724220275878906e-02
7.869279384613037109e-02
7.547020912170410156e-02
7.357037067413330078e-02
7.048714160919189453e-02
6.943345069885253906e-02
6.724750995635986328e-02
6.547522544860839844e-02
6.414794921875000000e-02
6.283199787139892578e-02
6.005454063415527344e-02
5.873954296112060547e-02
5.723536014556884766e-02
5.601418018341064453e-02
5.481040477752685547e-02
5.428397655487060547e-02
5.334472656250000000e-02
5.244004726409912109e-02
5.123841762542724609e-02
5.055201053619384766e-02
4.986751079559326172e-02
4.866707324981689453e-02
4.806411266326904297e-02
4.778110980987548828e-02
4.775106906890869141e-02
4.755473136901855469e-02
4.790246486663818359e-02
4.840207099914550781e-02
4.768753051757812500e-02
4.777097702026367188e-02
4.724550247192382812e-02
4.659664630889892578e-02
4.604017734527587891e-02
4.616189002990722656e-02
4.527485370635986328e-02
4.428994655609130859e-02
4.376864433288574219e-02
4.260277748107910156e-02
4.212892055511474609e-02
4.170334339141845703e-02
4.221630096435546875e-02
4.165017604827880859e-02
4.217374324798583984e-02
4.140865802764892578e-02
4.146301746368408203e-02
4.113280773162841797e-02
4.235720634460449219e-02
4.175710678100585938e-02
4.228496551513671875e-02
4.195880889892578125e-02
4.171049594879150391e-02
4.091465473175048828e-02
4.195702075958251953e-02
4.230308532714843750e-02
4.239654541015625000e-02
4.355406761169433594e-02
4.452335834503173828e-02
4.483842849731445312e-02
4.491949081420898438e-02
4.543507099151611328e-02
4.618930816650390625e-02
4.636192321777343750e-02
4.658174514770507812e-02
4.753863811492919922e-02
4.855489730834960938e-02
4.807305335998535156e-02
4.907035827636718750e-02
4.979789257049560547e-02
4.993593692779541016e-02
5.007815361022949219e-02
5.063045024871826172e-02
5.082428455352783203e-02
5.091953277587890625e-02
5.159854888916015625e-02
5.223834514617919922e-02
5.258107185363769531e-02
5.292177200317382812e-02
5.319321155548095703e-02
5.341577529907226562e-02
5.376982688903808594e-02
5.458796024322509766e-02
5.480420589447021484e-02
5.567860603332519531e-02
5.643063783645629883e-02
5.746740102767944336e-02
5.851024389266967773e-02
5.924642086029052734e-02
6.016755104064941406e-02
6.091940402984619141e-02
6.118273735046386719e-02
6.123459339141845703e-02
6.217783689498901367e-02
6.321454048156738281e-02
6.439054012298583984e-02
6.547927856445312500e-02
6.629490852355957031e-02
6.772255897521972656e-02
6.828105449676513672e-02
6.862938404083251953e-02
6.903100013732910156e-02
7.097047567367553711e-02
7.199943065643310547e-02
7.302141189575195312e-02
7.460534572601318359e-02
7.608199119567871094e-02
7.638132572174072266e-02
7.634377479553222656e-02
7.718431949615478516e-02
7.778507471084594727e-02
7.850533723831176758e-02
7.937896251678466797e-02
8.013516664505004883e-02
8.064961433410644531e-02
8.054172992706298828e-02
8.080852031707763672e-02
8.148050308227539062e-02
8.226370811462402344e-02
8.345079421997070312e-02
8.435106277465820312e-02
8.533167839050292969e-02
8.572375774383544922e-02
8.680963516235351562e-02
8.678603172302246094e-02
8.782398700714111328e-02
8.821439743041992188e-02
8.897447586059570312e-02
8.901512622833251953e-02
8.973169326782226562e-02
8.968997001647949219e-02
8.994042873382568359e-02
8.958077430725097656e-02
9.021162986755371094e-02
9.058845043182373047e-02
9.076726436614990234e-02
9.119057655334472656e-02
9.184861183166503906e-02
9.226453304290771484e-02
9.310495853424072266e-02
9.415674209594726562e-02
9.574055671691894531e-02
9.720206260681152344e-02
9.786462783813476562e-02
9.827387332916259766e-02
9.937322139739990234e-02
1.001087427139282227e-01
1.012678146362304688e-01
1.026371717453002930e-01
1.046313047409057617e-01
1.063216924667358398e-01
1.073001623153686523e-01
1.085602045059204102e-01
1.107965707778930664e-01
1.120349168777465820e-01
1.137465238571166992e-01
1.165674924850463867e-01
1.193041801452636719e-01
1.211010217666625977e-01
1.232287883758544922e-01
1.252135038375854492e-01
1.262640953063964844e-01
1.275622844696044922e-01
1.291227340698242188e-01
1.312251091003417969e-01
1.327998638153076172e-01
1.352152824401855469e-01
1.366195678710937500e-01
1.386171579360961914e-01
1.398409605026245117e-01
1.416572332382202148e-01
1.428070068359375000e-01
1.447066068649291992e-01
1.463955640792846680e-01
1.478759050369262695e-01
1.491107940673828125e-01
1.508785486221313477e-01
1.519362926483154297e-01
1.523780822753906250e-01
1.536185741424560547e-01
1.550409793853759766e-01
1.559356451034545898e-01
1.578581333160400391e-01
1.600319147109985352e-01
1.613446474075317383e-01
1.628434658050537109e-01
1.644029617309570312e-01
1.647704839706420898e-01
1.651012897491455078e-01
1.662600040435791016e-01
1.667202711105346680e-01
1.675040721893310547e-01
1.694344282150268555e-01
1.711730957031250000e-01
1.719094514846801758e-01
1.733047962188720703e-01
1.747063398361206055e-01
1.751742362976074219e-01
1.750583648681640625e-01
1.756681203842163086e-01
1.760189533233642578e-01
1.764867305755615234e-01
1.772408485412597656e-01
1.785532236099243164e-01
1.800472736358642578e-01
1.806979179382324219e-01
1.816532611846923828e-01
1.823518276214599609e-01
1.829098463058471680e-01
1.828714609146118164e-01
1.832935810089111328e-01
1.833249330520629883e-01
1.831147670745849609e-01
1.833814382553100586e-01
1.834862232208251953e-01
1.839131116867065430e-01
1.835967302322387695e-01
1.840195655822753906e-01
1.840001344680786133e-01
1.843277215957641602e-01
1.845779418945312500e-01
1.848821640014648438e-01
1.852824687957763672e-01
1.862975358963012695e-01
1.872266530990600586e-01
1.885191202163696289e-01
1.901044845581054688e-01
1.908599138259887695e-01
1.910593509674072266e-01
1.910108327865600586e-01
1.911795139312744141e-01
1.908414363861083984e-01
1.915441751480102539e-01
1.921161413192749023e-01
1.930345296859741211e-01
1.936762332916259766e-01
1.945878267288208008e-01
1.952205896377563477e-01
1.957480907440185547e-01
1.961216926574707031e-01
1.959171295166015625e-01
1.963653564453125000e-01
1.967180967330932617e-01
1.971302032470703125e-01
1.971393823623657227e-01
1.982922554016113281e-01
1.991431713104248047e-01
1.993898153305053711e-01
1.995383501052856445e-01
2.006111145019531250e-01
2.005780935287475586e-01
2.007611989974975586e-01
2.006119489669799805e-01
2.010489702224731445e-01
2.013132572174072266e-01
2.018288373947143555e-01
2.016979455947875977e-01
2.029954195022583008e-01
2.032148838043212891e-01
2.034738063812255859e-01
2.036256790161132812e-01
2.033811807632446289e-01
2.031425237655639648e-01
2.039213180541992188e-01
2.035639286041259766e-01
2.038713693618774414e-01
2.044373750686645508e-01
2.045178413391113281e-01
2.040491104125976562e-01
2.044910192489624023e-01
2.043390274047851562e-01
2.042175531387329102e-01
2.036536931991577148e-01
2.040746212005615234e-01
2.041105031967163086e-01
2.035487890243530273e-01
2.045934200286865234e-01
2.041320800781250000e-01
2.036497592926025391e-01
2.035589218139648438e-01
2.039607763290405273e-01
2.027721405029296875e-01
2.026311159133911133e-01
2.018649578094482422e-01
2.010037899017333984e-01
