4.096119403839111328e-01
4.150698184967041016e-01
4.231529235839843750e-01
4.344162940979003906e-01
4.442484378814697266e-01
4.549009799957275391e-01
4.658358097076416016e-01
4.771738052368164062e-01
4.858076572418212891e-01
4.960749149322509766e-01
5.053961277008056641e-01
5.152463912963867188e-01
5.224909782409667969e-01
5.299284458160400391e-01
5.356268882751464844e-01
5.424814224243164062e-01
5.449514389038085938e-01
5.466232299804687500e-01
5.489122867584228516e-01
5.486228466033935547e-01
5.450224876403808594e-01
5.426373481750488281e-01
5.377066135406494141e-01
5.309231281280517578e-01
5.241568088531494141e-01
5.180282592773437500e-01
5.077679157257080078e-01
4.997718334197998047e-01
4.873194694519042969e-01
4.766955375671386719e-01
4.633884429931640625e-01
4.526576995849609375e-01
4.413926601409912109e-01
4.341855049133300781e-01
4.249184131622314453e-01
4.176747798919677734e-01
4.113769531250000000e-01
4.073472023010253906e-01
4.030256271362304688e-01
3.988564014434814453e-01
3.971645832061767578e-01
3.974831104278564453e-01
3.983395099639892578e-01
4.006521701812744141e-01
4.093515872955322266e-01
4.182438850402832031e-01
4.294579029083251953e-01
4.426665306091308594e-01
4.585092067718505859e-01
4.710404872894287109e-01
4.862730503082275391e-01
5.016059875488281250e-01
5.172567367553710938e-01
5.308227539062500000e-01
5.467715263366699219e-01
5.577957630157470703e-01
5.670950412750244141e-01
5.728471279144287109e-01
5.768749713897705078e-01
5.754551887512207031e-01
5.721268653869628906e-01
5.615642070770263672e-01
5.491807460784912109e-01
5.311450958251953125e-01
5.079483985900878906e-01
4.804902076721191406e-01
4.542446136474609375e-01
4.238135814666748047e-01
3.937709331512451172e-01
3.646101951599121094e-01
3.358159065246582031e-01
3.088743686676025391e-01
2.835569381713867188e-01
2.578160762786865234e-01
2.337963581085205078e-01
2.153642177581787109e-01
1.965792179107666016e-01
1.804492473602294922e-01
1.685876846313476562e-01
1.576294898986816406e-01
1.464236974716186523e-01
1.376352310180664062e-01
1.292874813079833984e-01
1.216783523559570312e-01
1.165448427200317383e-01
1.115761995315551758e-01
1.081812381744384766e-01
1.048791408538818359e-01
1.016942262649536133e-01
9.796392917633056641e-02
9.461081027984619141e-02
9.097850322723388672e-02
8.788704872131347656e-02
8.540165424346923828e-02
8.256888389587402344e-02
8.000445365905761719e-02
7.762765884399414062e-02
7.523894309997558594e-02
7.284700870513916016e-02
7.071995735168457031e-02
6.910777091979980469e-02
6.715285778045654297e-02
6.509542465209960938e-02
6.283462047576904297e-02
6.131160259246826172e-02
5.900418758392333984e-02
5.669271945953369141e-02
5.507898330688476562e-02
5.357575416564941406e-02
5.269658565521240234e-02
5.141925811767578125e-02
5.081439018249511719e-02
4.934072494506835938e-02
4.840695858001708984e-02
4.699099063873291016e-02
4.613697528839111328e-02
4.552245140075683594e-02
4.515492916107177734e-02
4.440104961395263672e-02
4.350769519805908203e-02
4.338133335113525391e-02
4.201591014862060547e-02
4.172933101654052734e-02
4.185807704925537109e-02
4.167556762695312500e-02
4.164493083953857422e-02
4.216670989990234375e-02
4.167759418487548828e-02
4.138779640197753906e-02
4.117631912231445312e-02
4.000389575958251953e-02
3.932774066925048828e-02
3.941285610198974609e-02
3.869354724884033203e-02
3.865492343902587891e-02
3.814387321472167969e-02
3.786361217498779297e-02
3.709673881530761719e-02
3.767466545104980469e-02
3.660392761230468750e-02
3.722381591796875000e-02
3.750419616699218750e-02
3.787779808044433594e-02
3.704500198364257812e-02
3.694498538970947266e-02
3.673398494720458984e-02
3.670907020568847656e-02
3.683185577392578125e-02
3.682661056518554688e-02
3.759980201721191406e-02
3.867518901824951172e-02
3.892064094543457031e-02
3.971350193023681641e-02
4.038405418395996094e-02
4.074978828430175781e-02
4.078328609466552734e-02
4.102265834808349609e-02
4.120850563049316406e-02
4.098504781723022461e-02
4.181575775146484375e-02
4.144489765167236328e-02
4.129660129547119141e-02
4.205018281936645508e-02
4.260450601577758789e-02
4.286336898803710938e-02
4.354947805404663086e-02
4.445493221282958984e-02
4.430711269378662109e-02
4.506295919418334961e-02
4.525411128997802734e-02
4.545038938522338867e-02
4.558247327804565430e-02
4.529947042465209961e-02
4.551184177398681641e-02
4.556643962860107422e-02
4.594027996063232422e-02
4.647475481033325195e-02
4.719150066375732422e-02
4.785794019699096680e-02
4.877495765686035156e-02
4.969376325607299805e-02
5.021017789840698242e-02
5.115807056427001953e-02
5.147016048431396484e-02
5.213099718093872070e-02
5.281770229339599609e-02
5.326080322265625000e-02
5.357879400253295898e-02
5.486750602722167969e-02
5.540794134140014648e-02
5.607789754867553711e-02
5.725997686386108398e-02
5.829548835754394531e-02
5.861157178878784180e-02
5.918943881988525391e-02
6.027293205261230469e-02
6.072288751602172852e-02
6.127184629440307617e-02
6.204909086227416992e-02
6.297868490219116211e-02
6.371301412582397461e-02
6.483149528503417969e-02
6.582313776016235352e-02
6.678044795989990234e-02
6.754475831985473633e-02
6.838703155517578125e-02
6.904590129852294922e-02
6.971806287765502930e-02
7.040661573410034180e-02
7.158005237579345703e-02
7.252150774002075195e-02
7.312256097793579102e-02
7.397496700286865234e-02
7.472884654998779297e-02
7.507860660552978516e-02
7.539188861846923828e-02
7.601755857467651367e-02
7.586532831192016602e-02
7.585716247558593750e-02
7.622522115707397461e-02
7.613110542297363281e-02
7.647252082824707031e-02
7.740277051925659180e-02
7.819753885269165039e-02
7.849019765853881836e-02
7.890862226486206055e-02
7.886981964111328125e-02
7.934129238128662109e-02
7.925611734390258789e-02
7.964634895324707031e-02
8.042335510253906250e-02
8.152925968170166016e-02
8.244985342025756836e-02
8.344900608062744141e-02
8.421492576599121094e-02
8.485364913940429688e-02
8.530956506729125977e-02
8.551764488220214844e-02
8.590877056121826172e-02
8.630836009979248047e-02
8.661985397338867188e-02
8.721876144409179688e-02
8.797252178192138672e-02
8.937895298004150391e-02
9.118974208831787109e-02
9.278196096420288086e-02
9.439331293106079102e-02
9.544885158538818359e-02
9.707230329513549805e-02
9.806561470031738281e-02
1.000801920890808105e-01
1.016195416450500488e-01
1.033757328987121582e-01
1.049932241439819336e-01
1.062635183334350586e-01
1.072740554809570312e-01
1.088950037956237793e-01
1.108160018920898438e-01
1.123205423355102539e-01
1.146913766860961914e-01
1.163303256034851074e-01
1.182211637496948242e-01
1.202791929244995117e-01
1.216061115264892578e-01
1.230336427688598633e-01
1.247256398200988770e-01
1.258900165557861328e-01
1.271426081657409668e-01
1.282912492752075195e-01
1.289031505584716797e-01
1.305742859840393066e-01
1.321638226509094238e-01
1.329517364501953125e-01
1.351695656776428223e-01
1.369036436080932617e-01
1.375910043716430664e-01
1.390160918235778809e-01
1.402719020843505859e-01
1.408903598785400391e-01
1.422709822654724121e-01
1.437180042266845703e-01
1.437166333198547363e-01
1.453646421432495117e-01
1.463946700096130371e-01
1.469706892967224121e-01
1.474294662475585938e-01
1.493200063705444336e-01
1.496480107307434082e-01
1.502478718757629395e-01
1.513988971710205078e-01
1.527000665664672852e-01
1.537599563598632812e-01
1.552148461341857910e-01
1.564025878906250000e-01
1.566097140312194824e-01
1.568101644515991211e-01
1.571373343467712402e-01
1.576207876205444336e-01
1.582517027854919434e-01
1.593275666236877441e-01
1.601502895355224609e-01
1.607679724693298340e-01
1.606264710426330566e-01
1.615197658538818359e-01
1.620845794677734375e-01
1.629188060760498047e-01
1.632077693939208984e-01
1.635198593139648438e-01
1.634296178817749023e-01
1.635417938232421875e-01
1.634867191314697266e-01
1.635336875915527344e-01
1.643199920654296875e-01
1.644759178161621094e-01
1.649479269981384277e-01
1.657181978225708008e-01
1.663938760757446289e-01
1.667273044586181641e-01
1.669890880584716797e-01
1.675980091094970703e-01
1.675039529800415039e-01
1.678826808929443359e-01
1.683241128921508789e-01
1.691814661026000977e-01
1.695591211318969727e-01
1.703723669052124023e-01
1.711364984512329102e-01
1.714282035827636719e-01
1.714768409729003906e-01
1.723294258117675781e-01
1.725015640258789062e-01
1.728882789611816406e-01
1.735830307006835938e-01
1.747050285339355469e-01
1.749873161315917969e-01
1.753206253051757812e-01
1.753973960876464844e-01
1.758695840835571289e-01
1.762907505035400391e-01
1.766310930252075195e-01
1.775183677673339844e-01
1.779127120971679688e-01
1.786092519760131836e-01
1.783608198165893555e-01
1.782331466674804688e-01
1.781700849533081055e-01
1.789417266845703125e-01
1.791830062866210938e-01
1.795284748077392578e-01
1.798213720321655273e-01
1.804561614990234375e-01
1.809641122817993164e-01
1.812765598297119141e-01
1.816611289978027344e-01
1.820486783981323242e-01
1.820275783538818359e-01
1.818712949752807617e-01
1.816357374191284180e-01
1.819893121719360352e-01
1.816624402999877930e-01
1.818152666091918945e-01
1.821894645690917969e-01
1.825861930847167969e-01
1.822315454483032227e-01
1.830219030380249023e-01
1.827926635742187500e-01
1.823190450668334961e-01
1.825650930404663086e-01
1.824867725372314453e-01
1.816189289093017578e-01
1.816377639770507812e-01
1.816047430038452148e-01
1.810468435287475586e-01
1.816407442092895508e-01
1.825599670410156250e-01
1.829247474670410156e-01
1.823810338973999023e-01
1.823015213012695312e-01
1.818991899490356445e-01
1.815094947814941406e-01
1.811882257461547852e-01
