4.577364921569824219e-01
4.571478366851806641e-01
4.566676616668701172e-01
4.550700187683105469e-01
4.526412487030029297e-01
4.526743888854980469e-01
4.476077556610107422e-01
4.444158077239990234e-01
4.407031536102294922e-01
4.358398914337158203e-01
4.305822849273681641e-01
4.285967350006103516e-01
4.233994483947753906e-01
4.200170040130615234e-01
4.206459522247314453e-01
4.201512336730957031e-01
4.193913936614990234e-01
4.216670989990234375e-01
4.234061241149902344e-01
4.259817600250244141e-01
4.267334938049316406e-01
4.339523315429687500e-01
4.372410774230957031e-01
4.457380771636962891e-01
4.514465332031250000e-01
4.601366519927978516e-01
4.663026332855224609e-01
4.753870964050292969e-01
4.828743934631347656e-01
4.918644428253173828e-01
5.025870800018310547e-01
5.135233402252197266e-01
5.240564346313476562e-01
5.340697765350341797e-01
5.435700416564941406e-01
5.515170097351074219e-01
5.577204227447509766e-01
5.664033889770507812e-01
5.650780200958251953e-01
5.686817169189453125e-01
5.677053928375244141e-01
5.651783943176269531e-01
5.597672462463378906e-01
5.604004859924316406e-01
5.522325038909912109e-01
5.448613166809082031e-01
5.388445854187011719e-01
5.274775028228759766e-01
5.156285762786865234e-01
5.036249160766601562e-01
4.885582923889160156e-01
4.714701175689697266e-01
4.570996761322021484e-01
4.417960643768310547e-01
4.283876419067382812e-01
4.189772605895996094e-01
4.129483699798583984e-01
4.095346927642822266e-01
4.070811271667480469e-01
4.061725139617919922e-01
4.105832576751708984e-01
4.173972606658935547e-01
4.256882667541503906e-01
4.348266124725341797e-01
4.485781192779541016e-01
4.633121490478515625e-01
4.803187847137451172e-01
4.963536262512207031e-01
5.134131908416748047e-01
5.300400257110595703e-01
5.441493988037109375e-01
5.540802478790283203e-01
5.616941452026367188e-01
5.649962425231933594e-01
5.666413307189941406e-01
5.663897991180419922e-01
5.638520717620849609e-01
5.584559440612792969e-01
5.539546012878417969e-01
5.460362434387207031e-01
5.364851951599121094e-01
5.260877609252929688e-01
5.160374641418457031e-01
5.050189495086669922e-01
4.926962852478027344e-01
4.825464487075805664e-01
4.722173213958740234e-01
4.630451202392578125e-01
4.542987346649169922e-01
4.476974010467529297e-01
4.406955242156982422e-01
4.344018697738647461e-01
4.283881187438964844e-01
4.234738349914550781e-01
4.189437627792358398e-01
4.155952930450439453e-01
4.112058877944946289e-01
4.079843759536743164e-01
4.049367904663085938e-01
4.014595746994018555e-01
3.977352380752563477e-01
3.959757089614868164e-01
3.924851417541503906e-01
3.906941413879394531e-01
3.886610269546508789e-01
3.873882293701171875e-01
3.853851556777954102e-01
3.843750953674316406e-01
3.813675642013549805e-01
3.790544271469116211e-01
3.754454851150512695e-01
3.731608390808105469e-01
3.708051443099975586e-01
3.694515228271484375e-01
3.688497543334960938e-01
3.683580160140991211e-01
3.662853240966796875e-01
3.660664558410644531e-01
3.645439147949218750e-01
3.627393245697021484e-01
3.618372678756713867e-01
3.623421192169189453e-01
3.615167140960693359e-01
3.612012863159179688e-01
3.607120513916015625e-01
3.603103160858154297e-01
3.592627048492431641e-01
3.583948612213134766e-01
3.578624725341796875e-01
3.592295646667480469e-01
3.608763217926025391e-01
3.624681234359741211e-01
3.641182184219360352e-01
3.647456169128417969e-01
3.643131256103515625e-01
3.626592159271240234e-01
3.621150255203247070e-01
3.608536720275878906e-01
3.610168695449829102e-01
3.600405454635620117e-01
3.593896627426147461e-01
3.578826189041137695e-01
3.567180633544921875e-01
3.547495603561401367e-01
3.536028861999511719e-01
3.515909910202026367e-01
3.501783609390258789e-01
3.483215570449829102e-01
3.463368415832519531e-01
3.438502550125122070e-01
3.425019979476928711e-01
3.406344652175903320e-01
3.381383419036865234e-01
3.364081382751464844e-01
3.352499008178710938e-01
3.326241970062255859e-01
3.296933174133300781e-01
3.274829387664794922e-01
3.257168531417846680e-01
3.223081827163696289e-01
3.201903104782104492e-01
3.182500600814819336e-01
3.160810470581054688e-01
3.130373954772949219e-01
3.109122514724731445e-01
3.086265325546264648e-01
3.057733774185180664e-01
3.031817674636840820e-01
3.004869222640991211e-01
2.983361482620239258e-01
2.958991527557373047e-01
2.943202257156372070e-01
2.924041748046875000e-01
2.907598018646240234e-01
2.881467342376708984e-01
2.859697341918945312e-01
2.834094762802124023e-01
2.814533710479736328e-01
2.796472311019897461e-01
2.770872116088867188e-01
2.752277851104736328e-01
2.737044692039489746e-01
2.718175053596496582e-01
2.694656252861022949e-01
2.685477733612060547e-01
2.668970823287963867e-01
2.645838260650634766e-01
2.626808881759643555e-01
2.608138322830200195e-01
2.587526440620422363e-01
2.568016052246093750e-01
2.555545568466186523e-01
2.536435127258300781e-01
2.514437437057495117e-01
2.490844726562500000e-01
2.472161054611206055e-01
2.446171045303344727e-01
2.426307201385498047e-01
2.413672804832458496e-01
2.394227981567382812e-01
2.371244430541992188e-01
2.353179454803466797e-01
2.331538200378417969e-01
2.310459613800048828e-01
2.292442321777343750e-01
2.270624637603759766e-01
2.251345515251159668e-01
2.234314084053039551e-01
2.217264175415039062e-01
2.204326987266540527e-01
2.191027402877807617e-01
2.174268960952758789e-01
2.162206172943115234e-01
2.153700590133666992e-01
2.149363756179809570e-01
2.148352861404418945e-01
2.148879766464233398e-01
2.152140140533447266e-01
2.150440216064453125e-01
2.158501148223876953e-01
2.169022560119628906e-01
2.186744213104248047e-01
2.203046083450317383e-01
2.229431867599487305e-01
2.242329120635986328e-01
2.257058620452880859e-01
2.267309427261352539e-01
2.280976772308349609e-01
2.296099662780761719e-01
2.321401834487915039e-01
2.345205545425415039e-01
2.367023229598999023e-01
2.389731407165527344e-01
2.406890392303466797e-01
2.417013645172119141e-01
2.435035705566406250e-01
2.456449270248413086e-01
2.467441558837890625e-01
2.475730180740356445e-01
2.477841377258300781e-01
2.467352151870727539e-01
2.456859350204467773e-01
2.444431781768798828e-01
2.425162792205810547e-01
2.404409646987915039e-01
2.377229928970336914e-01
2.350076436996459961e-01
2.313479185104370117e-01
2.279877662658691406e-01
2.250407934188842773e-01
2.221268415451049805e-01
2.184705734252929688e-01
2.157517671585083008e-01
2.128661870956420898e-01
2.091473340988159180e-01
2.062767744064331055e-01
2.028136253356933594e-01
1.989172697067260742e-01
1.955307722091674805e-01
1.927475929260253906e-01
1.893770694732666016e-01
1.863437891006469727e-01
1.845653057098388672e-01
1.816766262054443359e-01
1.794601678848266602e-01
1.771728992462158203e-01
1.758033037185668945e-01
1.730773448944091797e-01
1.717990636825561523e-01
1.700540781021118164e-01
1.683572530746459961e-01
1.660320758819580078e-01
1.652677059173583984e-01
1.631675958633422852e-01
1.617362499237060547e-01
1.604015827178955078e-01
1.599141359329223633e-01
1.586494445800781250e-01
1.579651832580566406e-01
1.571244001388549805e-01
1.565539836883544922e-01
1.560240983963012695e-01
1.553504467010498047e-01
1.550959348678588867e-01
1.539907455444335938e-01
1.531746387481689453e-01
1.522107124328613281e-01
1.518263816833496094e-01
1.509555578231811523e-01
1.497219800949096680e-01
1.490471363067626953e-01
1.484397649765014648e-01
1.476755142211914062e-01
1.475305557250976562e-01
1.476800441741943359e-01
1.469399929046630859e-01
1.459197998046875000e-01
1.450810432434082031e-01
1.443518400192260742e-01
1.442342996597290039e-01
1.447185277938842773e-01
1.450176239013671875e-01
1.452387571334838867e-01
1.443302631378173828e-01
1.440354585647583008e-01
1.429970264434814453e-01
1.420737504959106445e-01
1.415166854858398438e-01
1.412442922592163086e-01
1.410552263259887695e-01
1.403360366821289062e-01
1.400953531265258789e-01
1.385796070098876953e-01
1.379228830337524414e-01
1.374299526214599609e-01
1.377912759780883789e-01
1.374528408050537109e-01
1.375714540481567383e-01
1.372660398483276367e-01
1.365399360656738281e-01
1.363567113876342773e-01
1.360478401184082031e-01
1.361799240112304688e-01
1.367874145507812500e-01
1.366808414459228516e-01
1.360661983489990234e-01
1.359750032424926758e-01
1.359570026397705078e-01
1.357685327529907227e-01
1.361781358718872070e-01
1.363635063171386719e-01
1.360846757888793945e-01
1.363214254379272461e-01
1.360341310501098633e-01
1.355284452438354492e-01
1.349515914916992188e-01
1.353417634963989258e-01
1.350157260894775391e-01
1.351193189620971680e-01
1.350824832916259766e-01
1.353335380554199219e-01
1.357353925704956055e-01
1.364763975143432617e-01
1.364321708679199219e-01
1.365095376968383789e-01
1.368457078933715820e-01
1.369941234588623047e-01
1.358708143234252930e-01
1.364548206329345703e-01
1.367044448852539062e-01
1.367510557174682617e-01
1.368324756622314453e-01
1.373512744903564453e-01
1.378020048141479492e-01
1.373161077499389648e-01
1.379644870758056641e-01
1.377958059310913086e-01
1.379621028900146484e-01
1.375098228454589844e-01
1.385856866836547852e-01
1.377916336059570312e-01
1.374107599258422852e-01
1.378170251846313477e-01
1.375416517257690430e-01
1.376066207885742188e-01
1.384245157241821289e-01
1.392424106597900391e-01
1.392451524734497070e-01
1.395351886749267578e-01
1.398586034774780273e-01
1.403262615203857422e-01
1.393785476684570312e-01
1.404460668563842773e-01
1.404914855957031250e-01
1.402251720428466797e-01
1.397949457168579102e-01
1.409041881561279297e-01
1.399624347686767578e-01
1.397504806518554688e-01
1.393332481384277344e-01
1.390377283096313477e-01
