4.388685226440429688e-01
4.362812042236328125e-01
4.351198673248291016e-01
4.329571723937988281e-01
4.278728961944580078e-01
4.240307807922363281e-01
4.218034744262695312e-01
4.172062873840332031e-01
4.141383171081542969e-01
4.148206710815429688e-01
4.128751754760742188e-01
4.116690158843994141e-01
4.130635261535644531e-01
4.115653038024902344e-01
4.095621109008789062e-01
4.088635444641113281e-01
4.101703166961669922e-01
4.081056118011474609e-01
4.112460613250732422e-01
4.130687713623046875e-01
4.187784194946289062e-01
4.224507808685302734e-01
4.293997287750244141e-01
4.363353252410888672e-01
4.446845054626464844e-01
4.515302181243896484e-01
4.605853557586669922e-01
4.705483913421630859e-01
4.792370796203613281e-01
4.893720149993896484e-01
4.974176883697509766e-01
5.082921981811523438e-01
5.142016410827636719e-01
5.239458084106445312e-01
5.333905220031738281e-01
5.432159900665283203e-01
5.475640296936035156e-01
5.546746253967285156e-01
5.552024841308593750e-01
5.560286045074462891e-01
5.563960075378417969e-01
5.558400154113769531e-01
5.540518760681152344e-01
5.514130592346191406e-01
5.436346530914306641e-01
5.351138114929199219e-01
5.259718894958496094e-01
5.142273902893066406e-01
5.022437572479248047e-01
4.911434650421142578e-01
4.760763645172119141e-01
4.623060226440429688e-01
4.494822025299072266e-01
4.354848861694335938e-01
4.224543571472167969e-01
4.119694232940673828e-01
4.021723270416259766e-01
3.959155082702636719e-01
3.926212787628173828e-01
3.939647674560546875e-01
3.983440399169921875e-01
4.049510955810546875e-01
4.134957790374755859e-01
4.251420497894287109e-01
4.381792545318603516e-01
4.490900039672851562e-01
4.649412631988525391e-01
4.766566753387451172e-01
4.896824359893798828e-01
4.998219013214111328e-01
5.111293792724609375e-01
5.181505680084228516e-01
5.262997150421142578e-01
5.264005661010742188e-01
5.273635387420654297e-01
5.262444019317626953e-01
5.224058628082275391e-01
5.160498619079589844e-01
5.101497173309326172e-01
5.014050006866455078e-01
4.913922548294067383e-01
4.805381298065185547e-01
4.689486026763916016e-01
4.594087600708007812e-01
4.492700099945068359e-01
4.388033151626586914e-01
4.302618503570556641e-01
4.214458465576171875e-01
4.125709533691406250e-01
4.052006006240844727e-01
3.991476297378540039e-01
3.924801349639892578e-01
3.878649473190307617e-01
3.836055994033813477e-01
3.794305324554443359e-01
3.752799034118652344e-01
3.727436065673828125e-01
3.689591884613037109e-01
3.656250238418579102e-01
3.625720739364624023e-01
3.597203493118286133e-01
3.570659160614013672e-01
3.545628786087036133e-01
3.522009849548339844e-01
3.501274585723876953e-01
3.477870225906372070e-01
3.448123931884765625e-01
3.426738977432250977e-01
3.411602973937988281e-01
3.387989997863769531e-01
3.370710611343383789e-01
3.351464271545410156e-01
3.335056304931640625e-01
3.312586545944213867e-01
3.304067850112915039e-01
3.298753499984741211e-01
3.290467262268066406e-01
3.283398151397705078e-01
3.276714086532592773e-01
3.267455101013183594e-01
3.259055614471435547e-01
3.248277902603149414e-01
3.244607448577880859e-01
3.238654136657714844e-01
3.225154876708984375e-01
3.214696645736694336e-01
3.208016157150268555e-01
3.196496963500976562e-01
3.185533285140991211e-01
3.198399543762207031e-01
3.212597370147705078e-01
3.231676816940307617e-01
3.249168395996093750e-01
3.262673616409301758e-01
3.267352581024169922e-01
3.254114389419555664e-01
3.245954513549804688e-01
3.232598304748535156e-01
3.232098817825317383e-01
3.219349384307861328e-01
3.212913274765014648e-01
3.207172155380249023e-01
3.204849958419799805e-01
3.187340497970581055e-01
3.166661262512207031e-01
3.150891065597534180e-01
3.132295608520507812e-01
3.112769126892089844e-01
3.096064329147338867e-01
3.082997798919677734e-01
3.069596290588378906e-01
3.047963380813598633e-01
3.028116226196289062e-01
3.013581037521362305e-01
2.997872829437255859e-01
2.976605892181396484e-01
2.953112125396728516e-01
2.930636405944824219e-01
2.906497120857238770e-01
2.885645627975463867e-01
2.861049175262451172e-01
2.845314741134643555e-01
2.826829552650451660e-01
2.803544402122497559e-01
2.779531478881835938e-01
2.760422825813293457e-01
2.737288475036621094e-01
2.713290452957153320e-01
2.696648240089416504e-01
2.672625780105590820e-01
2.649096250534057617e-01
2.626821994781494141e-01
2.603205442428588867e-01
2.575063705444335938e-01
2.551168203353881836e-01
2.526855468750000000e-01
2.503948211669921875e-01
2.487996816635131836e-01
2.468928694725036621e-01
2.458109855651855469e-01
2.448496222496032715e-01
2.437193393707275391e-01
2.416206002235412598e-01
2.401834726333618164e-01
2.377706170082092285e-01
2.364537715911865234e-01
2.344201207160949707e-01
2.330010533332824707e-01
2.316293120384216309e-01
2.302925586700439453e-01
2.282022237777709961e-01
2.268599271774291992e-01
2.253594398498535156e-01
2.235805392265319824e-01
2.223492860794067383e-01
2.209535837173461914e-01
2.187018394470214844e-01
2.168928980827331543e-01
2.148815393447875977e-01
2.126869559288024902e-01
2.100119590759277344e-01
2.085102200508117676e-01
2.070854902267456055e-01
2.054401636123657227e-01
2.037507295608520508e-01
2.028387784957885742e-01
2.007791399955749512e-01
1.989865899085998535e-01
1.977212429046630859e-01
1.963369846343994141e-01
1.948423385620117188e-01
1.940280795097351074e-01
1.932358741760253906e-01
1.926085948944091797e-01
1.921499967575073242e-01
1.919189691543579102e-01
1.922994256019592285e-01
1.914523839950561523e-01
1.912293434143066406e-01
1.916263699531555176e-01
1.921820640563964844e-01
1.929264068603515625e-01
1.953025460243225098e-01
1.969699263572692871e-01
1.987904906272888184e-01
2.005406022071838379e-01
2.019464969635009766e-01
2.032124996185302734e-01
2.052111029624938965e-01
2.072607278823852539e-01
2.090665102005004883e-01
2.115610837936401367e-01
2.135323882102966309e-01
2.151155471801757812e-01
2.163124084472656250e-01
2.172316312789916992e-01
2.180299162864685059e-01
2.189350128173828125e-01
2.190526723861694336e-01
2.190660238265991211e-01
2.190067768096923828e-01
2.185708284378051758e-01
2.172220945358276367e-01
2.163599729537963867e-01
2.147742509841918945e-01
2.124332785606384277e-01
2.100029587745666504e-01
2.068313360214233398e-01
2.042235732078552246e-01
2.009720802307128906e-01
1.983775496482849121e-01
1.949879527091979980e-01
1.923639178276062012e-01
1.888060569763183594e-01
1.853646039962768555e-01
1.823661327362060547e-01
1.795076727867126465e-01
1.767511367797851562e-01
1.735593080520629883e-01
1.716136932373046875e-01
1.689108014106750488e-01
1.666632890701293945e-01
1.645352840423583984e-01
1.627812385559082031e-01
1.605529785156250000e-01
1.585281491279602051e-01
1.567002534866333008e-01
1.542565226554870605e-01
1.520169973373413086e-01
1.496727466583251953e-01
1.482114195823669434e-01
1.469249129295349121e-01
1.456609964370727539e-01
1.456511616706848145e-01
1.456016302108764648e-01
1.448153257369995117e-01
1.437430977821350098e-01
1.431810855865478516e-01
1.411876678466796875e-01
1.397228837013244629e-01
1.389739513397216797e-01
1.379267573356628418e-01
1.378548145294189453e-01
1.377158761024475098e-01
1.371446251869201660e-01
1.365438699722290039e-01
1.360780000686645508e-01
1.350259184837341309e-01
1.344440579414367676e-01
1.342926025390625000e-01
1.336338520050048828e-01
1.331411600112915039e-01
1.330644488334655762e-01
1.323697566986083984e-01
1.319302916526794434e-01
1.316475868225097656e-01
1.314570307731628418e-01
1.306779384613037109e-01
1.301477551460266113e-01
1.298961043357849121e-01
1.295369863510131836e-01
1.289457678794860840e-01
1.285151839256286621e-01
1.289592981338500977e-01
1.282966136932373047e-01
1.279046535491943359e-01
1.270391941070556641e-01
1.263376474380493164e-01
1.256843805313110352e-01
1.249028444290161133e-01
1.239132881164550781e-01
1.238944530487060547e-01
1.236472129821777344e-01
1.229869127273559570e-01
1.227318644523620605e-01
1.229690313339233398e-01
1.226304769515991211e-01
1.223230361938476562e-01
1.219114065170288086e-01
1.223390102386474609e-01
1.218540668487548828e-01
1.211644411087036133e-01
1.211850643157958984e-01
1.215254068374633789e-01
1.205794811248779297e-01
1.204220056533813477e-01
1.210306882858276367e-01
1.206914186477661133e-01
1.199437379837036133e-01
1.204236745834350586e-01
1.202383041381835938e-01
1.200758218765258789e-01
1.201831102371215820e-01
1.211272478103637695e-01
1.207436323165893555e-01
1.210832595825195312e-01
1.210904121398925781e-01
1.208447217941284180e-01
1.206521987915039062e-01
1.216548681259155273e-01
1.217703819274902344e-01
1.216521263122558594e-01
1.227807998657226562e-01
1.225719451904296875e-01
1.220656633377075195e-01
1.222501993179321289e-01
1.227842569351196289e-01
1.224527359008789062e-01
1.221888065338134766e-01
1.223851442337036133e-01
1.231641769409179688e-01
1.237710714340209961e-01
1.241695880889892578e-01
1.242671012878417969e-01
1.244908571243286133e-01
1.241542100906372070e-01
1.238211393356323242e-01
1.230626106262207031e-01
1.238349676132202148e-01
1.234049797058105469e-01
1.230176687240600586e-01
1.233905553817749023e-01
1.242287158966064453e-01
1.242349147796630859e-01
1.247738599777221680e-01
1.248737573623657227e-01
1.243606805801391602e-01
1.241096258163452148e-01
1.240389347076416016e-01
1.240814924240112305e-01
1.240839958190917969e-01
1.242139339447021484e-01
1.242117881774902344e-01
1.249268054962158203e-01
1.250777244567871094e-01
1.256659030914306641e-01
1.253250837326049805e-01
1.256973743438720703e-01
1.250351667404174805e-01
1.248424053192138672e-01
1.245735883712768555e-01
