4.925334453582763672e-01
4.890348911285400391e-01
4.852497577667236328e-01
4.775490760803222656e-01
4.705049991607666016e-01
4.661045074462890625e-01
4.612510204315185547e-01
4.552936553955078125e-01
4.538390636444091797e-01
4.523997306823730469e-01
4.453840255737304688e-01
4.422917366027832031e-01
4.382276535034179688e-01
4.337720870971679688e-01
4.309797286987304688e-01
4.286060333251953125e-01
4.247560501098632812e-01
4.236745834350585938e-01
4.230222702026367188e-01
4.231934547424316406e-01
4.287071228027343750e-01
4.315733909606933594e-01
4.383225440979003906e-01
4.471735954284667969e-01
4.520139694213867188e-01
4.585790634155273438e-01
4.686999320983886719e-01
4.773178100585937500e-01
4.855909347534179688e-01
4.967899322509765625e-01
5.052180290222167969e-01
5.163273811340332031e-01
5.271668434143066406e-01
5.373392105102539062e-01
5.498480796813964844e-01
5.584201812744140625e-01
5.637469291687011719e-01
5.677962303161621094e-01
5.684823989868164062e-01
5.674061775207519531e-01
5.654473304748535156e-01
5.659594535827636719e-01
5.639491081237792969e-01
5.607128143310546875e-01
5.598363876342773438e-01
5.529737472534179688e-01
5.437669754028320312e-01
5.331707000732421875e-01
5.204172134399414062e-01
5.013818740844726562e-01
4.891738891601562500e-01
4.734859466552734375e-01
4.568233489990234375e-01
4.415636062622070312e-01
4.280691146850585938e-01
4.171733856201171875e-01
4.100923538208007812e-01
4.029440879821777344e-01
4.033460617065429688e-01
4.047870635986328125e-01
4.068861007690429688e-01
4.110827445983886719e-01
4.248223304748535156e-01
4.362306594848632812e-01
4.536175727844238281e-01
4.711899757385253906e-01
4.956681728363037109e-01
5.140213966369628906e-01
5.368323326110839844e-01
5.560684204101562500e-01
5.736749172210693359e-01
5.865771770477294922e-01
5.982840061187744141e-01
6.062026023864746094e-01
6.119711399078369141e-01
6.143484115600585938e-01
6.148538589477539062e-01
6.135227680206298828e-01
6.090579032897949219e-01
6.024608612060546875e-01
5.961987972259521484e-01
5.877699851989746094e-01
5.777776241302490234e-01
5.668683052062988281e-01
5.574779510498046875e-01
5.466611385345458984e-01
5.366406440734863281e-01
5.270178318023681641e-01
5.202682018280029297e-01
5.115022659301757812e-01
5.041482448577880859e-01
4.982558488845825195e-01
4.939899444580078125e-01
4.883164167404174805e-01
4.836460351943969727e-01
4.797123670578002930e-01
4.743832349777221680e-01
4.694775342941284180e-01
4.653147459030151367e-01
4.633706808090209961e-01
4.605958461761474609e-01
4.593970775604248047e-01
4.563130140304565430e-01
4.537197351455688477e-01
4.505594968795776367e-01
4.482306241989135742e-01
4.454187154769897461e-01
4.442321062088012695e-01
4.431568384170532227e-01
4.401642084121704102e-01
4.371116161346435547e-01
4.344179630279541016e-01
4.315122365951538086e-01
4.285542964935302734e-01
4.278074502944946289e-01
4.275748729705810547e-01
4.258950948715209961e-01
4.265688657760620117e-01
4.253203868865966797e-01
4.236985445022583008e-01
4.228247404098510742e-01
4.223029613494873047e-01
4.202724695205688477e-01
4.203599691390991211e-01
4.190341234207153320e-01
4.173781871795654297e-01
4.160559177398681641e-01
4.154894351959228516e-01
4.147974252700805664e-01
4.172427654266357422e-01
4.191119670867919922e-01
4.216461181640625000e-01
4.231830835342407227e-01
4.243594408035278320e-01
4.232119321823120117e-01
4.224411249160766602e-01
4.214156866073608398e-01
4.197766780853271484e-01
4.187897443771362305e-01
4.188435077667236328e-01
4.174954891204833984e-01
4.163820743560791016e-01
4.158117771148681641e-01
4.143058061599731445e-01
4.117851257324218750e-01
4.101033210754394531e-01
4.082834720611572266e-01
4.056642055511474609e-01
4.035435914993286133e-01
4.020384550094604492e-01
3.992607593536376953e-01
3.975051641464233398e-01
3.954353332519531250e-01
3.930525779724121094e-01
3.903955221176147461e-01
3.882552385330200195e-01
3.852366209030151367e-01
3.829658031463623047e-01
3.807846307754516602e-01
3.778978586196899414e-01
3.751313686370849609e-01
3.719166517257690430e-01
3.690229654312133789e-01
3.660566806793212891e-01
3.631299734115600586e-01
3.603225946426391602e-01
3.577188253402709961e-01
3.550770282745361328e-01
3.516893386840820312e-01
3.495059013366699219e-01
3.469336032867431641e-01
3.446159362792968750e-01
3.419173955917358398e-01
3.400641679763793945e-01
3.367142677307128906e-01
3.339273929595947266e-01
3.315848112106323242e-01
3.290550708770751953e-01
3.262301683425903320e-01
3.238356113433837891e-01
3.221582174301147461e-01
3.202787637710571289e-01
3.180894851684570312e-01
3.163590431213378906e-01
3.143754005432128906e-01
3.121029138565063477e-01
3.090238571166992188e-01
3.072961568832397461e-01
3.050742149353027344e-01
3.032211065292358398e-01
3.015981912612915039e-01
2.997952699661254883e-01
2.969825267791748047e-01
2.948457002639770508e-01
2.922807931900024414e-01
2.893084287643432617e-01
2.867187261581420898e-01
2.848873138427734375e-01
2.820577621459960938e-01
2.800155878067016602e-01
2.780051231384277344e-01
2.755414247512817383e-01
2.724430561065673828e-01
2.702085971832275391e-01
2.678864002227783203e-01
2.651311159133911133e-01
2.632064819335937500e-01
2.620885372161865234e-01
2.605959177017211914e-01
2.594270706176757812e-01
2.580292224884033203e-01
2.567657232284545898e-01
2.553738355636596680e-01
2.540507316589355469e-01
2.523297071456909180e-01
2.525341510772705078e-01
2.525389194488525391e-01
2.521343231201171875e-01
2.530300617218017578e-01
2.538397312164306641e-01
2.541544437408447266e-01
2.546643018722534180e-01
2.564767599105834961e-01
2.577849626541137695e-01
2.599622011184692383e-01
2.624865770339965820e-01
2.654603719711303711e-01
2.675285339355468750e-01
2.697933912277221680e-01
2.719795703887939453e-01
2.740676403045654297e-01
2.767289876937866211e-01
2.792656421661376953e-01
2.815576791763305664e-01
2.841024398803710938e-01
2.856303453445434570e-01
2.872087955474853516e-01
2.879079580307006836e-01
2.886744737625122070e-01
2.885812520980834961e-01
2.882903814315795898e-01
2.858108282089233398e-01
2.846804857254028320e-01
2.827322483062744141e-01
2.799440622329711914e-01
2.767888307571411133e-01
2.745331525802612305e-01
2.708802223205566406e-01
2.661861181259155273e-01
2.626299858093261719e-01
2.586790323257446289e-01
2.544701099395751953e-01
2.503422498703002930e-01
2.470488548278808594e-01
2.434672117233276367e-01
2.400069236755371094e-01
2.366980314254760742e-01
2.336246967315673828e-01
2.302443981170654297e-01
2.265762090682983398e-01
2.235405445098876953e-01
2.199434041976928711e-01
2.160311937332153320e-01
2.131568193435668945e-01
2.099908590316772461e-01
2.071648836135864258e-01
2.051160335540771484e-01
2.038278579711914062e-01
2.013094425201416016e-01
1.999493837356567383e-01
1.980865001678466797e-01
1.967837810516357422e-01
1.942985057830810547e-01
1.924854516983032227e-01
1.905664205551147461e-01
1.896033287048339844e-01
1.876196861267089844e-01
1.868242025375366211e-01
1.863702535629272461e-01
1.858243942260742188e-01
1.848284006118774414e-01
1.841391324996948242e-01
1.830869913101196289e-01
1.821068525314331055e-01
1.808162927627563477e-01
1.796325445175170898e-01
1.787199974060058594e-01
1.785792112350463867e-01
1.781128644943237305e-01
1.775293350219726562e-01
1.766824722290039062e-01
1.756643056869506836e-01
1.741193532943725586e-01
1.732087135314941406e-01
1.722481250762939453e-01
1.718641519546508789e-01
1.721822023391723633e-01
1.722302436828613281e-01
1.718840599060058594e-01
1.719518899917602539e-01
1.715292930603027344e-01
1.700617074966430664e-01
1.694207191467285156e-01
1.687747240066528320e-01
1.680812835693359375e-01
1.677684783935546875e-01
1.676665544509887695e-01
1.669306755065917969e-01
1.660063266754150391e-01
1.645975112915039062e-01
1.629739999771118164e-01
1.623057126998901367e-01
1.613932847976684570e-01
1.609424352645874023e-01
1.614369153976440430e-01
1.612367630004882812e-01
1.607830524444580078e-01
1.604769229888916016e-01
1.601127386093139648e-01
1.593624353408813477e-01
1.592981815338134766e-01
1.580165624618530273e-01
1.588000059127807617e-01
1.586343050003051758e-01
1.590046882629394531e-01
1.589744091033935547e-01
1.597504615783691406e-01
1.595761775970458984e-01
1.596045494079589844e-01
1.589443683624267578e-01
1.585426330566406250e-01
1.590973138809204102e-01
1.589636802673339844e-01
1.587496995925903320e-01
1.585888862609863281e-01
1.588156223297119141e-01
1.586322784423828125e-01
1.584522724151611328e-01
1.590782403945922852e-01
1.598452329635620117e-01
1.597225666046142578e-01
1.589810848236083984e-01
1.591275930404663086e-01
1.589127779006958008e-01
1.584391593933105469e-01
1.599992513656616211e-01
1.606661081314086914e-01
1.607804298400878906e-01
1.616199016571044922e-01
1.622555255889892578e-01
1.616584062576293945e-01
1.621268987655639648e-01
1.621878147125244141e-01
1.613810062408447266e-01
1.612381935119628906e-01
1.605262756347656250e-01
1.599960327148437500e-01
1.600190401077270508e-01
1.597862243652343750e-01
1.600955724716186523e-01
1.600050926208496094e-01
1.601046323776245117e-01
1.602220535278320312e-01
1.605386734008789062e-01
1.610397100448608398e-01
1.612662076950073242e-01
1.614540815353393555e-01
1.618475914001464844e-01
1.624433994293212891e-01
1.617430448532104492e-01
1.620420217514038086e-01
1.620017290115356445e-01
1.621546745300292969e-01
1.621212959289550781e-01
1.633229255676269531e-01
1.634860038757324219e-01
1.641502380371093750e-01
1.633808612823486328e-01
1.633149385452270508e-01
1.621868610382080078e-01
1.621778011322021484e-01
