4.338395595550537109e-01
4.349617958068847656e-01
4.395329952239990234e-01
4.437379837036132812e-01
4.461154937744140625e-01
4.488379955291748047e-01
4.546027183532714844e-01
4.576222896575927734e-01
4.612786769866943359e-01
4.651980400085449219e-01
4.699623584747314453e-01
4.745788574218750000e-01
4.778280258178710938e-01
4.812788963317871094e-01
4.849083423614501953e-01
4.863862991333007812e-01
4.858899116516113281e-01
4.844896793365478516e-01
4.866919517517089844e-01
4.878120422363281250e-01
4.876101016998291016e-01
4.893841743469238281e-01
4.913463592529296875e-01
4.916050434112548828e-01
4.936993122100830078e-01
4.949598312377929688e-01
4.938662052154541016e-01
4.935743808746337891e-01
4.924178123474121094e-01
4.904429912567138672e-01
4.886710643768310547e-01
4.890110492706298828e-01
4.874854087829589844e-01
4.868755340576171875e-01
4.870927333831787109e-01
4.889254570007324219e-01
4.863388538360595703e-01
4.878089427947998047e-01
4.869945049285888672e-01
4.863107204437255859e-01
4.838831424713134766e-01
4.831006526947021484e-01
4.834589958190917969e-01
4.834837913513183594e-01
4.811229705810546875e-01
4.832038879394531250e-01
4.870285987854003906e-01
4.874956607818603516e-01
4.869103431701660156e-01
4.899253845214843750e-01
4.898161888122558594e-01
4.885277748107910156e-01
4.884881973266601562e-01
4.910068511962890625e-01
4.906325340270996094e-01
4.914042949676513672e-01
4.919793605804443359e-01
4.923584461212158203e-01
4.897181987762451172e-01
4.916806221008300781e-01
4.908726215362548828e-01
4.887027740478515625e-01
4.848144054412841797e-01
4.821176528930664062e-01
4.754838943481445312e-01
4.705281257629394531e-01
4.662017822265625000e-01
4.588179588317871094e-01
4.529249668121337891e-01
4.446849822998046875e-01
4.345955848693847656e-01
4.260442256927490234e-01
4.187965393066406250e-01
4.081852436065673828e-01
3.988318443298339844e-01
3.923516273498535156e-01
3.827602863311767578e-01
3.743343353271484375e-01
3.673810958862304688e-01
3.594207763671875000e-01
3.501230478286743164e-01
3.429322242736816406e-01
3.340315818786621094e-01
3.259317874908447266e-01
3.189413547515869141e-01
3.124274015426635742e-01
3.045651912689208984e-01
2.981829643249511719e-01
2.907544374465942383e-01
2.846678495407104492e-01
2.791395187377929688e-01
2.750629186630249023e-01
2.709422111511230469e-01
2.675006389617919922e-01
2.630943059921264648e-01
2.586412429809570312e-01
2.547403573989868164e-01
2.504400014877319336e-01
2.467768192291259766e-01
2.438018321990966797e-01
2.412347793579101562e-01
2.380902767181396484e-01
2.363156080245971680e-01
2.339794635772705078e-01
2.316071987152099609e-01
2.294441461563110352e-01
2.271769046783447266e-01
2.248220443725585938e-01
2.237341403961181641e-01
2.227309942245483398e-01
2.204391956329345703e-01
2.191511392593383789e-01
2.179687023162841797e-01
2.154860496520996094e-01
2.137378454208374023e-01
2.134209871292114258e-01
2.126923799514770508e-01
2.122735977172851562e-01
2.117607593536376953e-01
2.111821174621582031e-01
2.102322578430175781e-01
2.089974880218505859e-01
2.074664831161499023e-01
2.068521976470947266e-01
2.061319351196289062e-01
2.058410644531250000e-01
2.062215805053710938e-01
2.061846256256103516e-01
2.061389684677124023e-01
2.066956758499145508e-01
2.066407203674316406e-01
2.065995931625366211e-01
2.072044610977172852e-01
2.074488401412963867e-01
2.068352699279785156e-01
2.058248519897460938e-01
2.055842876434326172e-01
2.047648429870605469e-01
2.050834894180297852e-01
2.046849727630615234e-01
2.049926519393920898e-01
2.043287754058837891e-01
2.043036222457885742e-01
2.030805349349975586e-01
2.027721405029296875e-01
2.016549110412597656e-01
2.009013891220092773e-01
1.992952823638916016e-01
1.984556913375854492e-01
1.971890926361083984e-01
1.969447135925292969e-01
1.957886219024658203e-01
1.951432228088378906e-01
1.938747167587280273e-01
1.934627294540405273e-01
1.921495199203491211e-01
1.906408071517944336e-01
1.896390914916992188e-01
1.885153651237487793e-01
1.871341466903686523e-01
1.858670711517333984e-01
1.853473186492919922e-01
1.847203373908996582e-01
1.836754679679870605e-01
1.828569173812866211e-01
1.821685433387756348e-01
1.811354160308837891e-01
1.796581745147705078e-01
1.796435713768005371e-01
1.783999204635620117e-01
1.774408817291259766e-01
1.768689155578613281e-01
1.759909391403198242e-01
1.743636131286621094e-01
1.736449003219604492e-01
1.729093790054321289e-01
1.721761226654052734e-01
1.723440885543823242e-01
1.721133589744567871e-01
1.718342304229736328e-01
1.718562245368957520e-01
1.716127395629882812e-01
1.705469489097595215e-01
1.699707508087158203e-01
1.692413687705993652e-01
1.688108444213867188e-01
1.677739024162292480e-01
1.672969460487365723e-01
1.673900485038757324e-01
1.672555208206176758e-01
1.665951013565063477e-01
1.669210195541381836e-01
1.668246984481811523e-01
1.658665537834167480e-01
1.657490730285644531e-01
1.662105321884155273e-01
1.655616760253906250e-01
1.651926636695861816e-01
1.654298305511474609e-01
1.646887660026550293e-01
1.636788845062255859e-01
1.638658642768859863e-01
1.643389463424682617e-01
1.644734144210815430e-01
1.648416519165039062e-01
1.655910015106201172e-01
1.656474471092224121e-01
1.659118533134460449e-01
1.664042472839355469e-01
1.673591136932373047e-01
1.674338579177856445e-01
1.685410141944885254e-01
1.689574718475341797e-01
1.700387001037597656e-01
1.710975170135498047e-01
1.725654602050781250e-01
1.738967299461364746e-01
1.745606660842895508e-01
1.746082305908203125e-01
1.746838688850402832e-01
1.749937534332275391e-01
1.752589941024780273e-01
1.766880154609680176e-01
1.780993342399597168e-01
1.793057322502136230e-01
1.802000403404235840e-01
1.810063123703002930e-01
1.817802190780639648e-01
1.821299195289611816e-01
1.831414699554443359e-01
1.845723390579223633e-01
1.855658292770385742e-01
1.863794922828674316e-01
1.878168582916259766e-01
1.882437467575073242e-01
1.886605024337768555e-01
1.886903643608093262e-01
1.895105838775634766e-01
1.896344423294067383e-01
1.900956630706787109e-01
1.898860931396484375e-01
1.907057762145996094e-01
1.904766559600830078e-01
1.904190778732299805e-01
1.901406049728393555e-01
1.897575259208679199e-01
1.894474625587463379e-01
1.879582405090332031e-01
1.871375441551208496e-01
1.859169006347656250e-01
1.853234171867370605e-01
1.839866042137145996e-01
1.836257576942443848e-01
1.830525398254394531e-01
1.824290752410888672e-01
1.814301013946533203e-01
1.807517409324645996e-01
1.801266670227050781e-01
1.789691448211669922e-01
1.791764497756958008e-01
1.787419915199279785e-01
1.785137653350830078e-01
1.783324480056762695e-01
1.781700849533081055e-01
1.770763397216796875e-01
1.768262982368469238e-01
1.758049726486206055e-01
1.751248240470886230e-01
1.745287179946899414e-01
1.741684675216674805e-01
1.744380593299865723e-01
1.745076775550842285e-01
1.745121479034423828e-01
1.753055453300476074e-01
1.755541563034057617e-01
1.747359037399291992e-01
1.742649674415588379e-01
1.741322278976440430e-01
1.738018989562988281e-01
1.735761761665344238e-01
1.738559007644653320e-01
1.739450097084045410e-01
1.749094724655151367e-01
1.748831868171691895e-01
1.752105355262756348e-01
1.753512620925903320e-01
1.763633489608764648e-01
1.760148406028747559e-01
1.759824156761169434e-01
1.766244173049926758e-01
1.771767139434814453e-01
1.772952079772949219e-01
1.773855090141296387e-01
1.779961585998535156e-01
1.776046156883239746e-01
1.777777671813964844e-01
1.780394911766052246e-01
1.791677474975585938e-01
1.792330145835876465e-01
1.800745129585266113e-01
1.806454658508300781e-01
1.816021800041198730e-01
1.816127896308898926e-01
1.825923919677734375e-01
1.830723285675048828e-01
1.837030649185180664e-01
1.837850809097290039e-01
1.843292713165283203e-01
1.852755546569824219e-01
1.862577199935913086e-01
1.873445510864257812e-01
1.885622739791870117e-01
1.895329952239990234e-01
1.902798414230346680e-01
1.912781596183776855e-01
1.919223070144653320e-01
1.926058530807495117e-01
1.930830478668212891e-01
1.933144330978393555e-01
1.937685012817382812e-01
1.937155723571777344e-01
1.936131715774536133e-01
1.941202878952026367e-01
1.945979595184326172e-01
1.942619085311889648e-01
1.949512958526611328e-01
1.958781480789184570e-01
1.964775323867797852e-01
1.966047286987304688e-01
1.973512172698974609e-01
1.976454257965087891e-01
1.983418464660644531e-01
1.981689929962158203e-01
1.991465091705322266e-01
1.995743513107299805e-01
1.998856067657470703e-01
1.999185085296630859e-01
2.001382112503051758e-01
2.003189325332641602e-01
2.012487649917602539e-01
2.014337778091430664e-01
2.017161846160888672e-01
2.026581764221191406e-01
2.026199102401733398e-01
2.022898197174072266e-01
2.029255628585815430e-01
2.035261392593383789e-01
2.040959596633911133e-01
2.049769163131713867e-01
2.056231498718261719e-01
2.064622640609741211e-01
2.071067094802856445e-01
2.072662115097045898e-01
2.071311473846435547e-01
2.074600458145141602e-01
2.076499462127685547e-01
2.075980901718139648e-01
2.080414295196533203e-01
2.089452743530273438e-01
2.091755867004394531e-01
2.093371152877807617e-01
2.100322246551513672e-01
2.108331918716430664e-01
2.113482952117919922e-01
2.126413583755493164e-01
2.136026620864868164e-01
2.138761281967163086e-01
2.142781019210815430e-01
2.148022651672363281e-01
2.147214412689208984e-01
2.149051427841186523e-01
2.156192064285278320e-01
2.163157463073730469e-01
2.177727222442626953e-01
2.184255123138427734e-01
2.194203138351440430e-01
2.193800210952758789e-01
2.195682525634765625e-01
2.194625139236450195e-01
2.202675342559814453e-01
2.205821275711059570e-01
