2.031564712524414062e-03
7.262229919433593750e-04
7.579326629638671875e-04
4.236698150634765625e-04
-2.281665802001953125e-04
-1.048564910888671875e-03
-8.344650268554687500e-06
-2.582073211669921875e-04
-2.003192901611328125e-03
-1.014471054077148438e-03
-1.707077026367187500e-04
8.058547973632812500e-05
-1.604557037353515625e-04
2.290725708007812500e-03
2.316474914550781250e-03
9.918212890625000000e-04
1.053810119628906250e-03
-7.002353668212890625e-04
-1.022577285766601562e-03
-1.707553863525390625e-03
-1.193046569824218750e-03
-1.413345336914062500e-03
1.115083694458007812e-03
1.883029937744140625e-03
1.426458358764648438e-03
2.016782760620117188e-03
-2.145767211914062500e-06
-7.271766662597656250e-04
-3.222942352294921875e-03
-3.004550933837890625e-03
-4.858732223510742188e-03
-4.934310913085937500e-03
-5.909681320190429688e-03
-4.763126373291015625e-03
-3.777027130126953125e-03
-8.285045623779296875e-04
-1.123666763305664062e-03
1.032352447509765625e-04
-1.292228698730468750e-04
-7.774829864501953125e-04
-3.172636032104492188e-03
-1.021146774291992188e-03
-1.641750335693359375e-03
-1.927852630615234375e-03
-3.601789474487304688e-03
-1.019001007080078125e-03
-1.564502716064453125e-03
-1.711845397949218750e-04
2.290725708007812500e-03
4.145383834838867188e-03
2.974510192871093750e-03
3.870248794555664062e-03
2.980232238769531250e-03
1.089334487915039062e-03
3.528833389282226562e-03
2.194881439208984375e-03
8.347034454345703125e-04
5.376338958740234375e-04
-2.491474151611328125e-04
3.244876861572265625e-04
2.676010131835937500e-03
3.918647766113281250e-03
4.027605056762695312e-03
4.447937011718750000e-03
2.393484115600585938e-03
-9.949207305908203125e-04
-1.594305038452148438e-03
-2.545595169067382812e-03
-2.000570297241210938e-03
-1.964807510375976562e-03
-6.422996520996093750e-04
4.370212554931640625e-04
2.567291259765625000e-03
1.107454299926757812e-03
5.688667297363281250e-04
7.963180541992187500e-04
1.029968261718750000e-03
6.306171417236328125e-04
2.525806427001953125e-03
3.100156784057617188e-03
2.974271774291992188e-03
3.275752067565917969e-03
2.252221107482910156e-03
1.556992530822753906e-03
2.489089965820312500e-03
3.210663795471191406e-03
2.953529357910156250e-03
3.760814666748046875e-03
3.954172134399414062e-03
3.698706626892089844e-03
3.817319869995117188e-03
3.941059112548828125e-03
4.434347152709960938e-03
4.752635955810546875e-03
4.862427711486816406e-03
4.745841026306152344e-03
5.201339721679687500e-03
4.963278770446777344e-03
5.261301994323730469e-03
5.158901214599609375e-03
5.300641059875488281e-03
5.214333534240722656e-03
5.425333976745605469e-03
5.170941352844238281e-03
5.221366882324218750e-03
4.822492599487304688e-03
4.329085350036621094e-03
3.857493400573730469e-03
4.582047462463378906e-03
5.256772041320800781e-03
5.901098251342773438e-03
6.578922271728515625e-03
7.027983665466308594e-03
6.169438362121582031e-03
6.158709526062011719e-03
5.945920944213867188e-03
6.229281425476074219e-03
6.456613540649414062e-03
6.952881813049316406e-03
7.069349288940429688e-03
7.035136222839355469e-03
6.414413452148437500e-03
6.099224090576171875e-03
6.160259246826171875e-03
5.368113517761230469e-03
5.753040313720703125e-03
6.032109260559082031e-03
6.121635437011718750e-03
6.203055381774902344e-03
6.627440452575683594e-03
6.324529647827148438e-03
5.952954292297363281e-03
6.852507591247558594e-03
6.604552268981933594e-03
7.163524627685546875e-03
7.141947746276855469e-03
7.725238800048828125e-03
7.065296173095703125e-03
7.669329643249511719e-03
7.309675216674804688e-03
8.010864257812500000e-03
8.472204208374023438e-03
9.325742721557617188e-03
9.442567825317382812e-03
9.150624275207519531e-03
9.243130683898925781e-03
9.152531623840332031e-03
9.176254272460937500e-03
9.270668029785156250e-03
9.947299957275390625e-03
1.004266738891601562e-02
1.037037372589111328e-02
1.052331924438476562e-02
1.063859462738037109e-02
1.108229160308837891e-02
1.128411293029785156e-02
1.118457317352294922e-02
1.112341880798339844e-02
1.105576753616333008e-02
1.101529598236083984e-02
1.117908954620361328e-02
1.145982742309570312e-02
1.176005601882934570e-02
1.217311620712280273e-02
1.242434978485107422e-02
1.280933618545532227e-02
1.316237449645996094e-02
1.309329271316528320e-02
1.352578401565551758e-02
1.434206962585449219e-02
1.471900939941406250e-02
1.556652784347534180e-02
1.600158214569091797e-02
1.655274629592895508e-02
1.650071144104003906e-02
1.696538925170898438e-02
1.733237504959106445e-02
1.910352706909179688e-02
1.944595575332641602e-02
2.019369602203369141e-02
2.077102661132812500e-02
2.158814668655395508e-02
2.165347337722778320e-02
2.214980125427246094e-02
2.264744043350219727e-02
2.430337667465209961e-02
2.445697784423828125e-02
2.503430843353271484e-02
2.677530050277709961e-02
2.829253673553466797e-02
2.910351753234863281e-02
3.101235628128051758e-02
3.221458196640014648e-02
3.342515230178833008e-02
3.489094972610473633e-02
3.649067878723144531e-02
3.808951377868652344e-02
3.995221853256225586e-02
4.162180423736572266e-02
4.351717233657836914e-02
4.553413391113281250e-02
4.743582010269165039e-02
4.975289106369018555e-02
5.185943841934204102e-02
5.406635999679565430e-02
5.638122558593750000e-02
5.885827541351318359e-02
6.160038709640502930e-02
6.502652168273925781e-02
6.835830211639404297e-02
7.188493013381958008e-02
7.582777738571166992e-02
7.969492673873901367e-02
8.317339420318603516e-02
8.676189184188842773e-02
8.956521749496459961e-02
9.244048595428466797e-02
9.395056962966918945e-02
9.501469135284423828e-02
9.570294618606567383e-02
9.629917144775390625e-02
9.590673446655273438e-02
9.633249044418334961e-02
9.644156694412231445e-02
9.621554613113403320e-02
9.516888856887817383e-02
9.439384937286376953e-02
9.414672851562500000e-02
9.322148561477661133e-02
9.250116348266601562e-02
9.249162673950195312e-02
9.224390983581542969e-02
9.140986204147338867e-02
9.145975112915039062e-02
9.099459648132324219e-02
9.024536609649658203e-02
8.963996171951293945e-02
8.910059928894042969e-02
8.792960643768310547e-02
8.754384517669677734e-02
8.681046962738037109e-02
8.672690391540527344e-02
8.643877506256103516e-02
8.661592006683349609e-02
8.713638782501220703e-02
8.775740861892700195e-02
8.728438615798950195e-02
8.747839927673339844e-02
8.824306726455688477e-02
8.771324157714843750e-02
8.805745840072631836e-02
8.851402997970581055e-02
8.833175897598266602e-02
8.825886249542236328e-02
8.817255496978759766e-02
8.798158168792724609e-02
8.809465169906616211e-02
8.855104446411132812e-02
8.834183216094970703e-02
8.874773979187011719e-02
8.841234445571899414e-02
8.860158920288085938e-02
8.855509757995605469e-02
8.813154697418212891e-02
8.688831329345703125e-02
8.656340837478637695e-02
8.562004566192626953e-02
8.438307046890258789e-02
8.385449647903442383e-02
8.365392684936523438e-02
8.355528116226196289e-02
8.348077535629272461e-02
8.332151174545288086e-02
8.348006010055541992e-02
8.326280117034912109e-02
8.227574825286865234e-02
8.166128396987915039e-02
8.083325624465942383e-02
7.956993579864501953e-02
7.881253957748413086e-02
7.845675945281982422e-02
7.745522260665893555e-02
7.780408859252929688e-02
7.764643430709838867e-02
7.756006717681884766e-02
7.754266262054443359e-02
7.790517807006835938e-02
7.786422967910766602e-02
7.784587144851684570e-02
7.833588123321533203e-02
7.869613170623779297e-02
7.906591892242431641e-02
7.874256372451782227e-02
7.967209815979003906e-02
8.006924390792846680e-02
8.083009719848632812e-02
8.176630735397338867e-02
8.302915096282958984e-02
8.308893442153930664e-02
8.409708738327026367e-02
8.462119102478027344e-02
8.559089899063110352e-02
8.715313673019409180e-02
8.932852745056152344e-02
9.192979335784912109e-02
9.490585327148437500e-02
9.794640541076660156e-02
1.011557579040527344e-01
1.048598289489746094e-01
1.086324453353881836e-01
1.130819320678710938e-01
1.174511909484863281e-01
1.210299730300903320e-01
1.245958805084228516e-01
1.273718476295471191e-01
1.286678314208984375e-01
1.295896768569946289e-01
1.302605867385864258e-01
1.303555965423583984e-01
1.309841871261596680e-01
1.316297054290771484e-01
1.323026418685913086e-01
1.332908868789672852e-01
1.344398260116577148e-01
1.336584091186523438e-01
1.343204975128173828e-01
1.349066495895385742e-01
1.355339288711547852e-01
1.361294984817504883e-01
1.375906467437744141e-01
1.384307146072387695e-01
1.395612955093383789e-01
1.402409076690673828e-01
1.406824588775634766e-01
1.413547992706298828e-01
1.414287090301513672e-01
1.411937475204467773e-01
1.412912607192993164e-01
1.418485641479492188e-01
1.421474218368530273e-01
1.428146362304687500e-01
1.430805921554565430e-01
1.439831256866455078e-01
1.443164348602294922e-01
1.449599266052246094e-01
1.452664136886596680e-01
1.464531421661376953e-01
1.469869613647460938e-01
1.474254131317138672e-01
1.476793289184570312e-01
1.489043235778808594e-01
1.490238904953002930e-01
1.501940488815307617e-01
1.511479616165161133e-01
1.520460844039916992e-01
1.529049873352050781e-01
1.541272401809692383e-01
1.543029546737670898e-01
1.558021306991577148e-01
1.566877365112304688e-01
1.577066183090209961e-01
1.595056056976318359e-01
1.613785028457641602e-01
1.621986627578735352e-01
1.642208099365234375e-01
1.655617952346801758e-01
1.660565137863159180e-01
1.668510437011718750e-01
1.684275865554809570e-01
1.694211959838867188e-01
1.699768304824829102e-01
1.714508533477783203e-01
1.729922294616699219e-01
1.743766069412231445e-01
1.748442649841308594e-01
1.765525341033935547e-01
1.772361993789672852e-01
1.784901618957519531e-01
1.798957586288452148e-01
1.822308301925659180e-01
1.834421157836914062e-01
