3.205729999999999691e-02
3.071950000000000028e-02
2.957809999999999953e-02
2.819289999999999990e-02
2.691230000000000011e-02
2.541509999999999950e-02
2.417079999999999923e-02
2.326850000000000099e-02
2.194590000000000082e-02
2.086839999999999876e-02
1.978879999999999875e-02
1.885799999999999976e-02
1.800260000000000055e-02
1.713889999999999858e-02
1.636500000000000107e-02
1.562770000000000131e-02
1.515919999999999941e-02
1.458659999999999991e-02
1.414400000000000032e-02
1.363729999999999977e-02
1.335070000000000007e-02
1.297440000000000052e-02
1.281260000000000038e-02
1.256750000000000055e-02
1.250749999999999952e-02
1.239879999999999975e-02
1.232600000000000015e-02
1.246749999999999942e-02
1.246470000000000043e-02
1.268760000000000027e-02
1.271549999999999937e-02
1.294720000000000072e-02
1.310779999999999931e-02
1.337419999999999928e-02
1.358280000000000078e-02
1.381579999999999961e-02
1.407639999999999933e-02
1.426479999999999936e-02
1.434569999999999942e-02
1.458210000000000062e-02
1.463470000000000049e-02
1.475289999999999935e-02
1.460599999999999919e-02
1.474959999999999986e-02
1.475820000000000083e-02
1.462669999999999942e-02
1.455859999999999967e-02
1.421030000000000036e-02
1.394980000000000005e-02
1.376909999999999940e-02
1.339279999999999984e-02
1.295439999999999960e-02
1.264879999999999997e-02
1.243439999999999997e-02
1.207349999999999916e-02
1.193870000000000001e-02
1.169809999999999947e-02
1.195990000000000074e-02
1.194639999999999938e-02
1.227469999999999950e-02
1.270710000000000069e-02
1.343180000000000068e-02
1.421850000000000024e-02
1.530650000000000066e-02
1.682439999999999977e-02
1.825179999999999858e-02
2.030579999999999885e-02
2.228470000000000104e-02
2.489749999999999949e-02
2.743249999999999855e-02
3.043370000000000103e-02
3.348280000000000006e-02
3.685730000000000256e-02
4.043680000000000191e-02
4.446039999999999714e-02
4.825999999999999734e-02
5.320140000000000285e-02
5.728269999999999890e-02
6.263349999999999473e-02
6.729920000000000346e-02
7.250790000000000013e-02
7.815080000000000637e-02
8.403529999999999334e-02
8.991780000000000606e-02
9.602449999999999875e-02
1.008140000000000008e-01
1.079529999999999934e-01
1.126420000000000060e-01
1.189439999999999942e-01
1.244959999999999956e-01
1.309389999999999998e-01
1.357069999999999943e-01
1.417390000000000039e-01
1.467759999999999898e-01
1.520420000000000105e-01
1.563660000000000050e-01
1.610850000000000060e-01
1.657889999999999919e-01
1.699930000000000052e-01
1.741340000000000110e-01
1.785150000000000070e-01
1.821909999999999918e-01
1.855839999999999990e-01
1.890590000000000048e-01
1.921740000000000115e-01
1.951239999999999919e-01
1.978209999999999968e-01
2.008479999999999988e-01
2.036560000000000037e-01
2.057950000000000057e-01
2.081860000000000099e-01
2.137239999999999973e-01
2.155759999999999899e-01
2.173350000000000004e-01
2.187969999999999915e-01
2.207570000000000088e-01
2.223970000000000113e-01
2.244200000000000084e-01
2.251319999999999988e-01
2.269609999999999961e-01
2.270550000000000068e-01
2.282879999999999909e-01
2.298509999999999998e-01
2.299420000000000075e-01
2.313260000000000038e-01
2.313560000000000061e-01
2.316179999999999906e-01
2.324970000000000092e-01
2.327279999999999904e-01
2.335859999999999881e-01
2.341860000000000053e-01
2.273890000000000078e-01
2.281050000000000022e-01
2.293880000000000086e-01
2.301829999999999987e-01
2.310309999999999864e-01
2.315300000000000136e-01
2.332100000000000006e-01
2.334789999999999921e-01
2.341759999999999953e-01
2.353480000000000016e-01
2.365379999999999983e-01
2.378790000000000071e-01
2.393720000000000014e-01
2.403260000000000118e-01
2.413879999999999915e-01
2.424419999999999908e-01
2.443549999999999889e-01
2.458039999999999947e-01
2.469689999999999941e-01
2.490390000000000104e-01
2.509640000000000204e-01
2.519979999999999998e-01
2.544420000000000015e-01
2.556680000000000064e-01
2.578460000000000196e-01
2.604360000000000008e-01
2.622809999999999864e-01
2.636020000000000030e-01
2.659210000000000185e-01
2.683949999999999947e-01
2.700000000000000178e-01
2.719239999999999990e-01
2.732729999999999881e-01
2.764820000000000055e-01
2.782979999999999898e-01
2.799099999999999921e-01
2.822430000000000216e-01
2.841659999999999742e-01
2.864419999999999744e-01
2.880889999999999840e-01
2.896230000000000193e-01
2.916569999999999996e-01
2.937600000000000211e-01
2.952480000000000104e-01
2.968199999999999728e-01
2.977299999999999947e-01
2.991909999999999847e-01
3.005610000000000226e-01
3.017859999999999987e-01
3.021059999999999857e-01
3.041409999999999947e-01
3.053060000000000218e-01
3.066349999999999909e-01
3.070320000000000271e-01
3.083299999999999930e-01
3.082150000000000167e-01
3.090589999999999726e-01
3.098219999999999863e-01
3.112619999999999831e-01
3.112059999999999826e-01
3.115930000000000089e-01
3.131820000000000159e-01
3.127110000000000167e-01
3.129580000000000140e-01
3.136740000000000084e-01
3.137480000000000269e-01
3.138900000000000023e-01
3.143980000000000108e-01
3.151269999999999905e-01
3.149989999999999735e-01
3.150049999999999795e-01
3.151180000000000092e-01
3.139930000000000221e-01
3.140479999999999938e-01
3.137699999999999934e-01
3.134660000000000224e-01
3.126340000000000230e-01
3.114739999999999731e-01
3.107159999999999922e-01
3.095350000000000046e-01
3.078899999999999970e-01
3.063469999999999804e-01
3.037900000000000045e-01
3.026559999999999806e-01
3.007020000000000248e-01
2.983149999999999968e-01
2.976130000000000164e-01
2.955829999999999846e-01
2.932779999999999831e-01
2.921420000000000128e-01
2.901560000000000250e-01
2.883249999999999980e-01
2.865050000000000097e-01
2.850300000000000056e-01
2.832049999999999845e-01
2.816730000000000067e-01
2.793820000000000192e-01
2.772979999999999889e-01
2.749820000000000042e-01
2.737249999999999961e-01
2.708439999999999737e-01
2.693070000000000186e-01
2.677479999999999860e-01
2.657930000000000015e-01
2.639360000000000039e-01
2.630709999999999993e-01
2.621299999999999741e-01
2.616959999999999842e-01
2.610660000000000203e-01
2.610100000000000198e-01
2.608070000000000110e-01
2.609549999999999925e-01
2.610379999999999923e-01
2.621229999999999949e-01
2.628730000000000233e-01
2.638960000000000194e-01
2.650210000000000066e-01
2.666049999999999809e-01
2.682689999999999797e-01
2.689699999999999869e-01
2.713139999999999996e-01
2.728090000000000237e-01
2.747299999999999742e-01
2.764150000000000218e-01
2.779960000000000209e-01
2.797859999999999792e-01
2.812049999999999828e-01
2.829059999999999908e-01
2.834749999999999770e-01
2.844400000000000261e-01
2.861349999999999727e-01
2.876770000000000160e-01
2.878870000000000040e-01
2.887689999999999979e-01
2.897790000000000088e-01
2.901219999999999910e-01
2.907179999999999764e-01
2.910679999999999934e-01
2.916699999999999848e-01
2.921309999999999740e-01
2.931130000000000124e-01
2.925929999999999920e-01
2.933729999999999949e-01
2.923100000000000143e-01
2.924050000000000260e-01
2.935360000000000191e-01
2.936239999999999961e-01
2.936650000000000094e-01
2.933580000000000076e-01
2.932839999999999892e-01
2.931719999999999882e-01
2.932790000000000119e-01
2.926759999999999917e-01
2.919629999999999725e-01
2.919849999999999945e-01
2.912480000000000069e-01
2.910190000000000277e-01
2.906599999999999739e-01
2.897520000000000095e-01
2.898439999999999905e-01
2.890130000000000199e-01
2.878560000000000008e-01
2.864169999999999772e-01
2.858140000000000125e-01
2.856839999999999935e-01
2.843209999999999904e-01
2.842669999999999919e-01
2.835599999999999787e-01
2.826679999999999748e-01
2.808720000000000105e-01
2.803660000000000041e-01
2.798220000000000152e-01
2.782410000000000161e-01
2.772100000000000120e-01
2.762459999999999916e-01
2.741589999999999860e-01
2.724900000000000100e-01
2.706200000000000272e-01
2.685159999999999769e-01
2.667990000000000084e-01
2.651399999999999868e-01
2.627200000000000091e-01
2.619259999999999922e-01
2.604270000000000196e-01
2.592880000000000185e-01
2.581359999999999766e-01
2.572059999999999902e-01
2.565049999999999830e-01
2.552119999999999944e-01
2.545229999999999992e-01
2.539589999999999903e-01
2.533549999999999969e-01
2.523090000000000055e-01
2.523670000000000080e-01
2.511360000000000259e-01
2.507940000000000169e-01
2.501680000000000015e-01
2.489599999999999869e-01
2.487600000000000089e-01
2.474210000000000020e-01
2.466939999999999966e-01
2.458480000000000110e-01
2.461679999999999979e-01
2.454109999999999903e-01
2.441570000000000129e-01
2.430630000000000013e-01
2.431999999999999995e-01
2.425489999999999868e-01
2.419590000000000074e-01
2.414169999999999927e-01
2.405140000000000056e-01
2.394499999999999962e-01
2.383399999999999963e-01
2.388720000000000010e-01
2.378000000000000114e-01
2.368560000000000110e-01
2.373129999999999962e-01
2.359509999999999941e-01
2.349499999999999922e-01
2.343139999999999945e-01
2.333610000000000129e-01
2.331600000000000061e-01
2.318560000000000065e-01
2.310270000000000101e-01
2.298959999999999892e-01
2.293709999999999916e-01
2.278890000000000082e-01
2.273469999999999935e-01
2.263789999999999969e-01
2.254289999999999905e-01
2.251150000000000095e-01
2.234009999999999885e-01
2.224959999999999993e-01
2.212699999999999945e-01
2.205989999999999895e-01
2.203019999999999978e-01
2.191470000000000085e-01
2.181869999999999921e-01
2.174480000000000024e-01
2.154760000000000009e-01
2.149749999999999994e-01
2.147749999999999937e-01
2.132199999999999929e-01
2.136200000000000043e-01
2.122920000000000085e-01
2.120120000000000060e-01
2.105809999999999904e-01
2.098329999999999917e-01
2.085529999999999884e-01
2.072350000000000025e-01
