5.045329999999999954e-02
4.875499999999999973e-02
4.692489999999999856e-02
4.514699999999999963e-02
4.312030000000000030e-02
4.104569999999999746e-02
3.926459999999999673e-02
3.742539999999999756e-02
3.553680000000000033e-02
3.404460000000000125e-02
3.222099999999999964e-02
3.069099999999999953e-02
2.948980000000000004e-02
2.799899999999999958e-02
2.680400000000000144e-02
2.570899999999999921e-02
2.506409999999999888e-02
2.397250000000000075e-02
2.329989999999999839e-02
2.268859999999999974e-02
2.188019999999999896e-02
2.147879999999999928e-02
2.083170000000000160e-02
2.078939999999999955e-02
2.051240000000000008e-02
2.058470000000000091e-02
2.041269999999999890e-02
2.053900000000000170e-02
2.042719999999999952e-02
2.080850000000000061e-02
2.099550000000000027e-02
2.132239999999999830e-02
2.186580000000000121e-02
2.213940000000000005e-02
2.238930000000000087e-02
2.276299999999999851e-02
2.315489999999999909e-02
2.338140000000000010e-02
2.382340000000000152e-02
2.395749999999999963e-02
2.402740000000000084e-02
2.445560000000000095e-02
2.411620000000000083e-02
2.420339999999999991e-02
2.437860000000000027e-02
2.410640000000000005e-02
2.383450000000000152e-02
2.337650000000000144e-02
2.319190000000000140e-02
2.257930000000000006e-02
2.216790000000000080e-02
2.147150000000000100e-02
2.092070000000000041e-02
2.039900000000000047e-02
1.998909999999999923e-02
1.974679999999999838e-02
1.957599999999999965e-02
1.963439999999999977e-02
1.992620000000000155e-02
2.041849999999999915e-02
2.103729999999999836e-02
2.213369999999999921e-02
2.349729999999999874e-02
2.546709999999999946e-02
2.760639999999999969e-02
2.990280000000000021e-02
3.301090000000000274e-02
3.634049999999999780e-02
4.011870000000000019e-02
4.390279999999999877e-02
4.824629999999999891e-02
5.280979999999999702e-02
5.811650000000000149e-02
6.308880000000000043e-02
6.870779999999999943e-02
7.393109999999999959e-02
8.044329999999999536e-02
8.636879999999999558e-02
9.324680000000000468e-02
9.935019999999999962e-02
1.069439999999999974e-01
1.134929999999999967e-01
1.209039999999999976e-01
1.281259999999999899e-01
1.360079999999999900e-01
1.427690000000000070e-01
1.499479999999999980e-01
1.566649999999999987e-01
1.643370000000000108e-01
1.705430000000000001e-01
1.777529999999999943e-01
1.841540000000000121e-01
1.909399999999999986e-01
1.967200000000000060e-01
2.025500000000000078e-01
2.078430000000000000e-01
2.135730000000000128e-01
2.190529999999999977e-01
2.239259999999999862e-01
2.287579999999999891e-01
2.330750000000000044e-01
2.371729999999999949e-01
2.409540000000000015e-01
2.448970000000000036e-01
2.477169999999999928e-01
2.524350000000000205e-01
2.552900000000000169e-01
2.583520000000000261e-01
2.612949999999999995e-01
2.636399999999999855e-01
2.659389999999999810e-01
2.723019999999999885e-01
2.740429999999999811e-01
2.765659999999999785e-01
2.783109999999999751e-01
2.805560000000000276e-01
2.821409999999999751e-01
2.832830000000000070e-01
2.844760000000000066e-01
2.862830000000000097e-01
2.873879999999999768e-01
2.880269999999999775e-01
2.895369999999999888e-01
2.907609999999999917e-01
2.913910000000000111e-01
2.917589999999999906e-01
2.924519999999999897e-01
2.928120000000000167e-01
2.928609999999999824e-01
2.942779999999999840e-01
2.941989999999999883e-01
2.870050000000000101e-01
2.889309999999999934e-01
2.895269999999999788e-01
2.905710000000000237e-01
2.903870000000000062e-01
2.921750000000000180e-01
2.930539999999999812e-01
2.944789999999999908e-01
2.956599999999999784e-01
2.962679999999999758e-01
2.969539999999999957e-01
2.981340000000000101e-01
2.994609999999999772e-01
3.009200000000000208e-01
3.022630000000000039e-01
3.041159999999999974e-01
3.046110000000000206e-01
3.071929999999999938e-01
3.085160000000000124e-01
3.097679999999999878e-01
3.118850000000000233e-01
3.140970000000000151e-01
3.158880000000000021e-01
3.172699999999999965e-01
3.199100000000000277e-01
3.220459999999999989e-01
3.241169999999999884e-01
3.258780000000000010e-01
3.281870000000000065e-01
3.305409999999999737e-01
3.323360000000000203e-01
3.347700000000000120e-01
3.367990000000000150e-01
3.390469999999999873e-01
3.412810000000000010e-01
3.436980000000000035e-01
3.453530000000000211e-01
3.472839999999999816e-01
3.496429999999999816e-01
3.514300000000000201e-01
3.536259999999999959e-01
3.551349999999999785e-01
3.574910000000000032e-01
3.586579999999999768e-01
3.599229999999999929e-01
3.618179999999999730e-01
3.629609999999999781e-01
3.645100000000000007e-01
3.655769999999999853e-01
3.669200000000000239e-01
3.678899999999999948e-01
3.689990000000000214e-01
3.703029999999999933e-01
3.711130000000000262e-01
3.721180000000000043e-01
3.731459999999999777e-01
3.731940000000000257e-01
3.743619999999999726e-01
3.751070000000000237e-01
3.754469999999999752e-01
3.756979999999999764e-01
3.770049999999999790e-01
3.776889999999999969e-01
3.780189999999999939e-01
3.776709999999999789e-01
3.788429999999999853e-01
3.792929999999999913e-01
3.786820000000000186e-01
3.785959999999999881e-01
3.799870000000000192e-01
3.791340000000000265e-01
3.793369999999999798e-01
3.790839999999999765e-01
3.787240000000000051e-01
3.781109999999999749e-01
3.771740000000000093e-01
3.761059999999999959e-01
3.759640000000000204e-01
3.746940000000000270e-01
3.729939999999999922e-01
3.712829999999999742e-01
3.700499999999999901e-01
3.678210000000000091e-01
3.657150000000000123e-01
3.647389999999999799e-01
3.624490000000000212e-01
3.609800000000000231e-01
3.590149999999999730e-01
3.574229999999999907e-01
3.551549999999999985e-01
3.542719999999999758e-01
3.523100000000000120e-01
3.504959999999999742e-01
3.481060000000000265e-01
3.467859999999999832e-01
3.444639999999999924e-01
3.423760000000000137e-01
3.397149999999999892e-01
3.376179999999999737e-01
3.361830000000000096e-01
3.341520000000000046e-01
3.324130000000000140e-01
3.296189999999999953e-01
3.280890000000000195e-01
3.265640000000000209e-01
3.256049999999999778e-01
3.250460000000000016e-01
3.236439999999999872e-01
3.229819999999999913e-01
3.234989999999999810e-01
3.225560000000000094e-01
3.228329999999999811e-01
3.238969999999999905e-01
3.243309999999999804e-01
3.246959999999999846e-01
3.261069999999999802e-01
3.276379999999999848e-01
3.292260000000000186e-01
3.301100000000000145e-01
3.321459999999999968e-01
3.343829999999999858e-01
3.355750000000000122e-01
3.381259999999999821e-01
3.396850000000000147e-01
3.412069999999999825e-01
3.426239999999999841e-01
3.443200000000000149e-01
3.457970000000000210e-01
3.462480000000000002e-01
3.478609999999999758e-01
3.491270000000000207e-01
3.504249999999999865e-01
3.508760000000000212e-01
3.524749999999999828e-01
3.532009999999999872e-01
3.545650000000000190e-01
3.543990000000000196e-01
3.551110000000000100e-01
3.548040000000000083e-01
3.558259999999999756e-01
3.564910000000000023e-01
3.559700000000000086e-01
3.561449999999999894e-01
3.566369999999999818e-01
3.567609999999999948e-01
3.566670000000000118e-01
3.566790000000000238e-01
3.567899999999999960e-01
3.567359999999999975e-01
3.569439999999999835e-01
3.566489999999999938e-01
3.570130000000000248e-01
3.563649999999999873e-01
3.557939999999999992e-01
3.554640000000000022e-01
3.547859999999999903e-01
3.547529999999999850e-01
3.540119999999999933e-01
3.532379999999999964e-01
3.527270000000000127e-01
3.517159999999999731e-01
3.509950000000000014e-01
3.502680000000000238e-01
3.498990000000000156e-01
3.489380000000000259e-01
3.476090000000000013e-01
3.463499999999999912e-01
3.452740000000000253e-01
3.453039999999999998e-01
3.438999999999999835e-01
3.434090000000000198e-01
3.430340000000000056e-01
3.416640000000000232e-01
3.401219999999999799e-01
3.386930000000000218e-01
3.366870000000000140e-01
3.347919999999999785e-01
3.329409999999999870e-01
3.313039999999999874e-01
3.291430000000000189e-01
3.279099999999999793e-01
3.252809999999999868e-01
3.241249999999999964e-01
3.224520000000000164e-01
3.214259999999999895e-01
3.198659999999999837e-01
3.196890000000000009e-01
3.184489999999999821e-01
3.172260000000000080e-01
3.167719999999999980e-01
3.159190000000000054e-01
3.156470000000000109e-01
3.146900000000000253e-01
3.136909999999999976e-01
3.135910000000000086e-01
3.122090000000000143e-01
3.112309999999999799e-01
3.104069999999999885e-01
3.098409999999999775e-01
3.091510000000000091e-01
3.090950000000000086e-01
3.075240000000000196e-01
3.069669999999999899e-01
3.063339999999999952e-01
3.060359999999999747e-01
3.044020000000000059e-01
3.038620000000000210e-01
3.033350000000000213e-01
3.026300000000000101e-01
3.022250000000000214e-01
3.010349999999999970e-01
2.996849999999999792e-01
3.000300000000000189e-01
2.998430000000000262e-01
2.982879999999999976e-01
2.976170000000000204e-01
2.967170000000000085e-01
2.965769999999999795e-01
2.947670000000000012e-01
2.940369999999999928e-01
2.930209999999999759e-01
2.929999999999999827e-01
2.919149999999999801e-01
2.903049999999999797e-01
2.904289999999999927e-01
2.888109999999999844e-01
2.883379999999999832e-01
2.872000000000000108e-01
2.852959999999999940e-01
2.851879999999999971e-01
2.846719999999999806e-01
2.822729999999999961e-01
2.816850000000000187e-01
2.805309999999999748e-01
2.800159999999999871e-01
2.791589999999999905e-01
2.785429999999999851e-01
2.779650000000000176e-01
2.760830000000000228e-01
2.745929999999999760e-01
2.741870000000000140e-01
2.736279999999999824e-01
2.717950000000000088e-01
2.727040000000000020e-01
2.702820000000000222e-01
2.707350000000000034e-01
2.691310000000000091e-01
2.681370000000000142e-01
2.669569999999999999e-01
2.646930000000000116e-01
