6.855509999999999382e-02
6.622219999999999496e-02
6.389269999999999672e-02
6.158129999999999854e-02
5.914950000000000069e-02
5.649339999999999917e-02
5.394190000000000096e-02
5.143539999999999918e-02
4.937069999999999653e-02
4.688370000000000037e-02
4.471870000000000012e-02
4.280199999999999977e-02
4.102599999999999997e-02
3.931590000000000085e-02
3.765639999999999959e-02
3.614010000000000139e-02
3.500219999999999720e-02
3.374019999999999797e-02
3.276830000000000020e-02
3.187809999999999949e-02
3.089180000000000051e-02
3.037219999999999850e-02
2.979359999999999994e-02
2.953209999999999863e-02
2.890279999999999933e-02
2.889320000000000083e-02
2.887860000000000080e-02
2.908559999999999965e-02
2.928470000000000031e-02
2.955899999999999847e-02
2.983430000000000110e-02
3.029230000000000117e-02
3.061749999999999888e-02
3.114710000000000048e-02
3.169740000000000058e-02
3.203020000000000173e-02
3.263060000000000266e-02
3.315010000000000179e-02
3.340859999999999663e-02
3.352800000000000225e-02
3.408159999999999662e-02
3.387180000000000052e-02
3.405570000000000125e-02
3.419679999999999942e-02
3.419849999999999973e-02
3.402310000000000056e-02
3.343739999999999907e-02
3.304350000000000342e-02
3.251609999999999917e-02
3.187279999999999974e-02
3.097410000000000094e-02
3.035190000000000110e-02
2.944830000000000017e-02
2.907420000000000143e-02
2.819040000000000087e-02
2.797039999999999943e-02
2.759750000000000050e-02
2.774110000000000117e-02
2.794920000000000043e-02
2.881109999999999921e-02
2.971479999999999955e-02
3.136470000000000230e-02
3.302469999999999711e-02
3.561679999999999707e-02
3.864370000000000305e-02
4.192769999999999830e-02
4.595760000000000123e-02
4.998009999999999953e-02
5.511590000000000239e-02
5.985050000000000092e-02
6.540319999999999467e-02
7.121840000000000115e-02
7.769139999999999380e-02
8.371679999999999400e-02
9.120060000000000666e-02
9.773120000000000418e-02
1.051529999999999965e-01
1.124040000000000039e-01
1.201350000000000057e-01
1.279329999999999912e-01
1.364849999999999952e-01
1.439209999999999934e-01
1.527110000000000134e-01
1.604289999999999883e-01
1.701020000000000032e-01
1.774000000000000021e-01
1.856609999999999927e-01
1.927079999999999904e-01
2.013429999999999942e-01
2.083599999999999897e-01
2.157789999999999986e-01
2.224160000000000026e-01
2.303540000000000032e-01
2.369310000000000027e-01
2.428369999999999973e-01
2.489069999999999894e-01
2.551309999999999967e-01
2.598469999999999946e-01
2.656990000000000185e-01
2.705649999999999999e-01
2.757970000000000144e-01
2.797569999999999779e-01
2.838030000000000275e-01
2.878220000000000223e-01
2.914070000000000271e-01
2.952449999999999797e-01
2.984319999999999751e-01
3.023919999999999941e-01
3.053620000000000223e-01
3.076659999999999950e-01
3.100140000000000118e-01
3.167869999999999853e-01
3.183210000000000206e-01
3.205299999999999816e-01
3.232700000000000018e-01
3.244460000000000122e-01
3.269349999999999756e-01
3.280980000000000008e-01
3.295969999999999733e-01
3.308869999999999867e-01
3.319610000000000061e-01
3.333659999999999957e-01
3.346040000000000125e-01
3.345110000000000028e-01
3.358309999999999906e-01
3.365810000000000191e-01
3.366370000000000196e-01
3.369940000000000158e-01
3.382749999999999924e-01
3.389690000000000203e-01
3.396819999999999840e-01
3.317450000000000121e-01
3.327689999999999815e-01
3.347049999999999748e-01
3.346839999999999815e-01
3.359809999999999741e-01
3.374050000000000105e-01
3.384559999999999791e-01
3.388869999999999938e-01
3.395900000000000030e-01
3.407390000000000141e-01
3.421950000000000269e-01
3.430710000000000148e-01
3.443309999999999982e-01
3.458499999999999908e-01
3.474389999999999978e-01
3.490900000000000114e-01
3.503740000000000188e-01
3.521619999999999751e-01
3.540349999999999886e-01
3.557060000000000222e-01
3.573830000000000062e-01
3.594450000000000145e-01
3.619189999999999907e-01
3.630289999999999906e-01
3.660129999999999773e-01
3.678359999999999963e-01
3.692130000000000134e-01
3.715629999999999766e-01
3.743099999999999761e-01
3.759029999999999871e-01
3.782010000000000094e-01
3.803279999999999994e-01
3.825359999999999872e-01
3.848110000000000142e-01
3.868070000000000119e-01
3.889730000000000132e-01
3.919659999999999811e-01
3.937269999999999937e-01
3.950089999999999990e-01
3.976689999999999947e-01
3.988369999999999971e-01
4.011819999999999831e-01
4.025929999999999787e-01
4.043559999999999932e-01
4.061930000000000263e-01
4.068450000000000122e-01
4.089559999999999862e-01
4.108609999999999762e-01
4.115269999999999762e-01
4.125860000000000083e-01
4.145869999999999833e-01
4.151429999999999843e-01
4.163189999999999946e-01
4.171619999999999773e-01
4.180070000000000174e-01
4.189160000000000106e-01
4.193020000000000080e-01
4.193939999999999890e-01
4.209399999999999809e-01
4.222029999999999950e-01
4.223850000000000104e-01
4.221460000000000212e-01
4.228000000000000091e-01
4.233759999999999746e-01
4.244629999999999792e-01
4.241840000000000055e-01
4.244269999999999987e-01
4.246619999999999839e-01
4.241909999999999847e-01
4.252170000000000116e-01
4.250129999999999741e-01
4.252989999999999826e-01
4.249959999999999849e-01
4.245369999999999977e-01
4.239519999999999955e-01
4.228279999999999816e-01
4.224519999999999942e-01
4.217000000000000193e-01
4.206529999999999991e-01
4.193680000000000185e-01
4.184180000000000121e-01
4.158959999999999879e-01
4.142190000000000039e-01
4.121859999999999968e-01
4.103040000000000020e-01
4.078720000000000123e-01
4.061489999999999823e-01
4.053129999999999789e-01
4.036779999999999813e-01
4.009019999999999806e-01
3.993140000000000023e-01
3.980799999999999894e-01
3.960929999999999729e-01
3.940060000000000229e-01
3.924690000000000123e-01
3.901649999999999840e-01
3.878460000000000241e-01
3.861700000000000133e-01
3.838210000000000233e-01
3.816740000000000133e-01
3.798130000000000117e-01
3.778969999999999829e-01
3.760800000000000254e-01
3.745879999999999765e-01
3.723449999999999815e-01
3.710089999999999777e-01
3.699569999999999803e-01
3.690069999999999739e-01
3.684910000000000130e-01
3.687840000000000007e-01
3.683899999999999952e-01
3.688379999999999992e-01
3.693779999999999841e-01
3.695410000000000084e-01
3.705620000000000025e-01
3.724390000000000200e-01
3.731090000000000240e-01
3.743460000000000121e-01
3.768000000000000238e-01
3.777380000000000182e-01
3.799080000000000235e-01
3.815459999999999963e-01
3.830239999999999756e-01
3.851379999999999804e-01
3.863570000000000060e-01
3.883809999999999762e-01
3.898989999999999956e-01
3.912680000000000047e-01
3.931769999999999987e-01
3.942019999999999968e-01
3.950629999999999975e-01
3.957049999999999734e-01
3.975420000000000065e-01
3.978550000000000142e-01
3.986890000000000156e-01
4.002839999999999732e-01
4.004309999999999814e-01
4.008630000000000249e-01
4.016890000000000183e-01
4.011739999999999751e-01
4.020969999999999822e-01
4.018930000000000002e-01
4.022560000000000024e-01
4.030110000000000081e-01
4.035440000000000138e-01
4.029920000000000169e-01
4.028749999999999831e-01
4.026290000000000147e-01
4.026460000000000039e-01
4.020469999999999877e-01
4.021549999999999847e-01
4.025270000000000237e-01
4.022399999999999864e-01
4.014550000000000063e-01
4.012919999999999821e-01
4.014480000000000270e-01
4.007140000000000146e-01
4.000210000000000155e-01
3.993970000000000020e-01
3.983169999999999766e-01
3.979420000000000179e-01
3.975560000000000205e-01
3.962249999999999939e-01
3.955779999999999852e-01
3.951140000000000208e-01
3.939469999999999916e-01
3.926040000000000085e-01
3.921689999999999898e-01
3.917610000000000259e-01
3.909190000000000165e-01
3.895819999999999839e-01
3.887519999999999865e-01
3.873010000000000064e-01
3.860569999999999835e-01
3.850250000000000061e-01
3.822340000000000182e-01
3.802949999999999942e-01
3.792719999999999980e-01
3.771050000000000235e-01
3.747820000000000040e-01
3.733440000000000092e-01
3.713259999999999894e-01
3.691610000000000169e-01
3.679410000000000180e-01
3.669569999999999776e-01
3.659140000000000170e-01
3.654049999999999798e-01
3.639769999999999950e-01
3.630280000000000173e-01
3.619990000000000152e-01
3.611539999999999750e-01
3.615510000000000113e-01
3.599749999999999894e-01
3.591909999999999825e-01
3.586619999999999808e-01
3.577400000000000024e-01
3.571480000000000210e-01
3.548689999999999900e-01
3.553669999999999884e-01
3.546739999999999893e-01
3.538240000000000274e-01
3.525499999999999745e-01
3.524920000000000275e-01
3.516619999999999746e-01
3.505599999999999827e-01
3.497049999999999881e-01
3.494059999999999944e-01
3.480960000000000165e-01
3.478950000000000098e-01
3.469130000000000269e-01
3.464700000000000002e-01
3.453300000000000258e-01
3.454380000000000228e-01
3.444809999999999817e-01
3.434010000000000118e-01
3.433640000000000025e-01
3.413370000000000015e-01
3.415420000000000122e-01
3.400380000000000069e-01
3.386040000000000161e-01
3.380509999999999904e-01
3.380810000000000204e-01
3.367649999999999810e-01
3.363689999999999736e-01
3.344980000000000175e-01
3.347129999999999828e-01
3.326549999999999785e-01
3.322939999999999783e-01
3.307629999999999737e-01
3.299880000000000035e-01
3.292399999999999771e-01
3.281529999999999725e-01
3.263750000000000262e-01
3.255759999999999765e-01
3.242820000000000147e-01
3.236280000000000268e-01
3.229449999999999821e-01
3.224159999999999804e-01
3.204489999999999839e-01
3.180080000000000129e-01
3.181399999999999784e-01
3.176680000000000059e-01
3.163440000000000141e-01
3.158830000000000249e-01
3.147789999999999755e-01
3.144939999999999958e-01
3.132539999999999769e-01
3.115499999999999936e-01
3.107050000000000090e-01
3.090030000000000276e-01
