6.133960000000000107e-02
5.937139999999999779e-02
5.736190000000000039e-02
5.550170000000000103e-02
5.338470000000000021e-02
5.151180000000000342e-02
4.942889999999999784e-02
4.745069999999999844e-02
4.518080000000000013e-02
4.318609999999999810e-02
4.136530000000000068e-02
3.967439999999999856e-02
3.797930000000000056e-02
3.646730000000000110e-02
3.530690000000000217e-02
3.395229999999999776e-02
3.294090000000000212e-02
3.183300000000000018e-02
3.085260000000000086e-02
2.985809999999999853e-02
2.916039999999999952e-02
2.880550000000000124e-02
2.812620000000000051e-02
2.754030000000000020e-02
2.743869999999999990e-02
2.729900000000000035e-02
2.723410000000000067e-02
2.754260000000000042e-02
2.746749999999999886e-02
2.776059999999999986e-02
2.796260000000000065e-02
2.813420000000000157e-02
2.877630000000000118e-02
2.910599999999999993e-02
2.955249999999999891e-02
2.995549999999999949e-02
3.039909999999999834e-02
3.082359999999999961e-02
3.096109999999999834e-02
3.130820000000000131e-02
3.137480000000000130e-02
3.179069999999999813e-02
3.169740000000000058e-02
3.158609999999999890e-02
3.161459999999999965e-02
3.118289999999999951e-02
3.113279999999999867e-02
3.047829999999999984e-02
3.023390000000000105e-02
2.949730000000000060e-02
2.911460000000000090e-02
2.820840000000000153e-02
2.749199999999999908e-02
2.700750000000000026e-02
2.639580000000000051e-02
2.601470000000000171e-02
2.578050000000000133e-02
2.606299999999999936e-02
2.613299999999999998e-02
2.695950000000000082e-02
2.775239999999999999e-02
2.912100000000000105e-02
3.055079999999999948e-02
3.269480000000000303e-02
3.490710000000000340e-02
3.778039999999999871e-02
4.089099999999999679e-02
4.418509999999999799e-02
4.798820000000000169e-02
5.146219999999999961e-02
5.565090000000000314e-02
5.922779999999999712e-02
6.345149999999999402e-02
6.678420000000000190e-02
7.090230000000000143e-02
7.421669999999999656e-02
7.807160000000000488e-02
8.103499999999999592e-02
8.353299999999999614e-02
8.590050000000000463e-02
8.854969999999999508e-02
9.051019999999999899e-02
9.290329999999999422e-02
9.451189999999999591e-02
9.786100000000000354e-02
1.006190000000000001e-01
1.044800000000000034e-01
1.090450000000000030e-01
1.146139999999999937e-01
1.211949999999999972e-01
1.282429999999999959e-01
1.365709999999999980e-01
1.443399999999999961e-01
1.531569999999999876e-01
1.622709999999999986e-01
1.711679999999999868e-01
1.806460000000000010e-01
1.894649999999999945e-01
1.974200000000000121e-01
2.060629999999999962e-01
2.140440000000000120e-01
2.213420000000000110e-01
2.278429999999999900e-01
2.344050000000000022e-01
2.400339999999999974e-01
2.454590000000000105e-01
2.506630000000000247e-01
2.552050000000000152e-01
2.593110000000000137e-01
2.631060000000000065e-01
2.662379999999999747e-01
2.721700000000000230e-01
2.752910000000000079e-01
2.783740000000000103e-01
2.807999999999999940e-01
2.833689999999999820e-01
2.854430000000000023e-01
2.873649999999999816e-01
2.894160000000000066e-01
2.913100000000000134e-01
2.927629999999999955e-01
2.939479999999999871e-01
2.949979999999999825e-01
2.961219999999999963e-01
2.977420000000000067e-01
2.985169999999999768e-01
3.000680000000000014e-01
3.010129999999999750e-01
3.016809999999999770e-01
3.016429999999999945e-01
3.029830000000000023e-01
2.975769999999999804e-01
2.981759999999999966e-01
2.990760000000000085e-01
3.003850000000000131e-01
3.019189999999999929e-01
3.024789999999999979e-01
3.033199999999999785e-01
3.049680000000000168e-01
3.061610000000000165e-01
3.069310000000000094e-01
3.079160000000000230e-01
3.089640000000000164e-01
3.109489999999999754e-01
3.118079999999999741e-01
3.136260000000000159e-01
3.145809999999999995e-01
3.163469999999999893e-01
3.172960000000000225e-01
3.189440000000000053e-01
3.201660000000000061e-01
3.222389999999999977e-01
3.235839999999999828e-01
3.260149999999999992e-01
3.271720000000000184e-01
3.290000000000000147e-01
3.310040000000000204e-01
3.320350000000000246e-01
3.340350000000000263e-01
3.362780000000000213e-01
3.383820000000000161e-01
3.395810000000000217e-01
3.421420000000000017e-01
3.436739999999999795e-01
3.460090000000000110e-01
3.470349999999999824e-01
3.487319999999999864e-01
3.509349999999999969e-01
3.523510000000000253e-01
3.544680000000000053e-01
3.552770000000000095e-01
3.569490000000000163e-01
3.583169999999999966e-01
3.600119999999999987e-01
3.608990000000000253e-01
3.622750000000000137e-01
3.631579999999999808e-01
3.646659999999999902e-01
3.652859999999999996e-01
3.660439999999999805e-01
3.673310000000000186e-01
3.684069999999999845e-01
3.695510000000000184e-01
3.689089999999999869e-01
3.715310000000000001e-01
3.715539999999999954e-01
3.721690000000000276e-01
3.721970000000000001e-01
3.732369999999999854e-01
3.743719999999999826e-01
3.746990000000000043e-01
3.744129999999999958e-01
3.756269999999999887e-01
3.755870000000000042e-01
3.769719999999999738e-01
3.770290000000000030e-01
3.774370000000000225e-01
3.772300000000000098e-01
3.783000000000000251e-01
3.780149999999999899e-01
3.786760000000000126e-01
3.787809999999999788e-01
3.787470000000000003e-01
3.781939999999999746e-01
3.781900000000000261e-01
3.785600000000000076e-01
3.781559999999999921e-01
3.778790000000000204e-01
3.775470000000000215e-01
3.763529999999999931e-01
3.755830000000000002e-01
3.742349999999999843e-01
3.736639999999999961e-01
3.711709999999999732e-01
3.700769999999999893e-01
3.690780000000000172e-01
3.681380000000000208e-01
3.662770000000000192e-01
3.656380000000000186e-01
3.640959999999999752e-01
3.625519999999999854e-01
3.617690000000000072e-01
3.603330000000000144e-01
3.583529999999999771e-01
3.569880000000000275e-01
3.555510000000000059e-01
3.537509999999999821e-01
3.528700000000000170e-01
3.511810000000000209e-01
3.493839999999999724e-01
3.477290000000000103e-01
3.464039999999999897e-01
3.447700000000000209e-01
3.432649999999999868e-01
3.417299999999999782e-01
3.403559999999999919e-01
3.391029999999999878e-01
3.392350000000000088e-01
3.386560000000000126e-01
3.374469999999999970e-01
3.376270000000000104e-01
3.378820000000000157e-01
3.371589999999999865e-01
3.382700000000000151e-01
3.384019999999999806e-01
3.387680000000000136e-01
3.399280000000000079e-01
3.411359999999999948e-01
3.426770000000000094e-01
3.443609999999999727e-01
3.456400000000000028e-01
3.472540000000000071e-01
3.472489999999999744e-01
3.495170000000000221e-01
3.506340000000000012e-01
3.523809999999999998e-01
3.534010000000000207e-01
3.543029999999999791e-01
3.564910000000000023e-01
3.572930000000000272e-01
3.580570000000000142e-01
3.587069999999999981e-01
3.594879999999999742e-01
3.609040000000000026e-01
3.621280000000000054e-01
3.619910000000000072e-01
3.632960000000000078e-01
3.633779999999999788e-01
3.637360000000000038e-01
3.638049999999999895e-01
3.646750000000000269e-01
3.647239999999999926e-01
3.649680000000000146e-01
3.657940000000000080e-01
3.654189999999999938e-01
3.657500000000000195e-01
3.664970000000000172e-01
3.658620000000000205e-01
3.660309999999999953e-01
3.663080000000000225e-01
3.663989999999999747e-01
3.659040000000000070e-01
3.657159999999999855e-01
3.654720000000000191e-01
3.652469999999999883e-01
3.652000000000000246e-01
3.649729999999999919e-01
3.648899999999999921e-01
3.636130000000000195e-01
3.637980000000000103e-01
3.625889999999999946e-01
3.628779999999999784e-01
3.618419999999999970e-01
3.610970000000000013e-01
3.604029999999999734e-01
3.603109999999999924e-01
3.597310000000000230e-01
3.584680000000000089e-01
3.579419999999999824e-01
3.575510000000000077e-01
3.566059999999999786e-01
3.552950000000000275e-01
3.551159999999999872e-01
3.537939999999999974e-01
3.529089999999999727e-01
3.519289999999999918e-01
3.501540000000000208e-01
3.489070000000000227e-01
3.466730000000000089e-01
3.460500000000000242e-01
3.433590000000000253e-01
3.425860000000000016e-01
3.406850000000000156e-01
3.396529999999999827e-01
3.383650000000000269e-01
3.375770000000000159e-01
3.362459999999999893e-01
3.355460000000000109e-01
3.345099999999999740e-01
3.342330000000000023e-01
3.329670000000000130e-01
3.318459999999999743e-01
3.319469999999999921e-01
3.314280000000000004e-01
3.307220000000000160e-01
3.301910000000000123e-01
3.289139999999999842e-01
3.285620000000000207e-01
3.279449999999999865e-01
3.267090000000000272e-01
3.262579999999999925e-01
3.262169999999999792e-01
3.247990000000000044e-01
3.245660000000000212e-01
3.241269999999999984e-01
3.239790000000000170e-01
3.228150000000000186e-01
3.219420000000000059e-01
3.217090000000000227e-01
3.206189999999999873e-01
3.205049999999999844e-01
3.191470000000000140e-01
3.191749999999999865e-01
3.191129999999999800e-01
3.185760000000000258e-01
3.168630000000000058e-01
3.160479999999999956e-01
3.158630000000000049e-01
3.153489999999999904e-01
3.144620000000000193e-01
3.132789999999999742e-01
3.125410000000000132e-01
3.121780000000000110e-01
3.113029999999999964e-01
3.101749999999999785e-01
3.098850000000000215e-01
3.085680000000000089e-01
3.084649999999999892e-01
3.071030000000000149e-01
3.053750000000000075e-01
3.051590000000000136e-01
3.039229999999999987e-01
3.026449999999999974e-01
3.024270000000000014e-01
3.012770000000000170e-01
3.003560000000000119e-01
2.997980000000000089e-01
2.995760000000000089e-01
2.983640000000000181e-01
2.980860000000000176e-01
2.958919999999999884e-01
2.943250000000000033e-01
2.945940000000000225e-01
2.934809999999999919e-01
2.926960000000000117e-01
2.920579999999999843e-01
2.912250000000000116e-01
2.902589999999999892e-01
2.887730000000000019e-01
2.880559999999999787e-01
2.868499999999999939e-01
