6.621489999999999321e-02
6.413939999999999919e-02
6.198990000000000056e-02
5.960469999999999657e-02
5.709150000000000336e-02
5.486219999999999986e-02
5.243079999999999963e-02
4.985019999999999729e-02
4.790429999999999688e-02
4.577629999999999894e-02
4.342519999999999714e-02
4.154920000000000141e-02
3.982440000000000285e-02
3.850490000000000163e-02
3.684339999999999837e-02
3.534049999999999692e-02
3.409070000000000156e-02
3.314290000000000291e-02
3.213409999999999878e-02
3.139800000000000230e-02
3.043059999999999862e-02
2.989189999999999903e-02
2.932440000000000047e-02
2.905009999999999884e-02
2.855610000000000093e-02
2.848360000000000128e-02
2.843690000000000107e-02
2.839469999999999841e-02
2.863320000000000101e-02
2.899459999999999885e-02
2.933679999999999968e-02
2.966859999999999983e-02
3.000070000000000167e-02
3.081710000000000005e-02
3.097549999999999956e-02
3.181559999999999944e-02
3.209889999999999965e-02
3.258199999999999985e-02
3.272350000000000259e-02
3.313959999999999823e-02
3.345560000000000200e-02
3.353129999999999999e-02
3.360189999999999705e-02
3.355860000000000093e-02
3.361719999999999986e-02
3.347089999999999788e-02
3.308479999999999754e-02
3.268050000000000122e-02
3.213740000000000346e-02
3.132440000000000224e-02
3.085749999999999951e-02
3.013240000000000016e-02
2.919479999999999992e-02
2.883259999999999990e-02
2.798259999999999983e-02
2.771759999999999849e-02
2.751980000000000051e-02
2.724700000000000039e-02
2.762620000000000006e-02
2.858640000000000139e-02
2.958020000000000094e-02
3.120190000000000116e-02
3.290470000000000200e-02
3.547270000000000284e-02
3.821080000000000310e-02
4.170600000000000002e-02
4.541839999999999766e-02
4.968879999999999825e-02
5.450479999999999908e-02
5.972840000000000094e-02
6.540070000000000605e-02
7.096610000000000418e-02
7.716560000000000086e-02
8.333590000000000442e-02
9.035189999999999888e-02
9.655260000000000231e-02
1.039749999999999980e-01
1.111309999999999937e-01
1.192269999999999996e-01
1.264560000000000128e-01
1.348850000000000049e-01
1.421719999999999928e-01
1.512860000000000038e-01
1.582830000000000070e-01
1.671789999999999943e-01
1.748599999999999877e-01
1.835040000000000004e-01
1.897570000000000090e-01
1.980109999999999926e-01
2.055299999999999905e-01
2.131129999999999969e-01
2.202340000000000131e-01
2.268620000000000081e-01
2.330260000000000109e-01
2.398049999999999904e-01
2.449969999999999926e-01
2.510499999999999954e-01
2.564009999999999900e-01
2.618210000000000259e-01
2.665750000000000064e-01
2.716270000000000073e-01
2.758109999999999729e-01
2.799360000000000182e-01
2.823229999999999906e-01
2.873140000000000138e-01
2.906139999999999834e-01
2.929709999999999814e-01
2.964080000000000048e-01
2.995619999999999949e-01
3.028680000000000261e-01
3.058000000000000163e-01
3.112210000000000254e-01
3.132400000000000184e-01
3.149689999999999990e-01
3.173980000000000135e-01
3.189699999999999758e-01
3.209890000000000243e-01
3.228440000000000198e-01
3.235700000000000243e-01
3.250500000000000056e-01
3.260270000000000112e-01
3.271689999999999876e-01
3.291620000000000101e-01
3.296049999999999813e-01
3.302470000000000128e-01
3.304529999999999967e-01
3.312519999999999909e-01
3.319079999999999808e-01
3.330060000000000242e-01
3.326350000000000140e-01
3.335969999999999769e-01
3.261009999999999742e-01
3.277360000000000273e-01
3.284839999999999982e-01
3.293479999999999741e-01
3.309190000000000187e-01
3.317880000000000273e-01
3.330000000000000182e-01
3.334880000000000067e-01
3.347729999999999873e-01
3.350830000000000197e-01
3.372870000000000035e-01
3.376649999999999929e-01
3.387359999999999816e-01
3.405679999999999819e-01
3.417279999999999762e-01
3.428939999999999766e-01
3.446449999999999791e-01
3.469450000000000034e-01
3.482990000000000252e-01
3.504369999999999985e-01
3.516960000000000086e-01
3.542279999999999873e-01
3.555240000000000067e-01
3.572100000000000275e-01
3.596130000000000160e-01
3.616619999999999835e-01
3.635760000000000103e-01
3.654580000000000051e-01
3.678319999999999923e-01
3.700570000000000248e-01
3.715030000000000276e-01
3.739489999999999759e-01
3.762220000000000009e-01
3.777159999999999962e-01
3.793810000000000238e-01
3.822789999999999799e-01
3.842320000000000180e-01
3.857800000000000118e-01
3.874520000000000186e-01
3.897570000000000201e-01
3.912510000000000154e-01
3.928559999999999830e-01
3.946649999999999880e-01
3.961049999999999849e-01
3.979750000000000232e-01
3.994179999999999953e-01
4.008829999999999893e-01
4.016950000000000243e-01
4.017729999999999912e-01
4.037939999999999863e-01
4.055019999999999736e-01
4.068609999999999727e-01
4.076870000000000216e-01
4.082339999999999858e-01
4.093760000000000177e-01
4.102689999999999948e-01
4.102009999999999823e-01
4.117339999999999889e-01
4.131549999999999945e-01
4.130920000000000147e-01
4.136759999999999882e-01
4.144329999999999958e-01
4.154349999999999987e-01
4.158800000000000274e-01
4.170150000000000245e-01
4.176230000000000220e-01
4.176420000000000132e-01
4.183189999999999964e-01
4.181659999999999822e-01
4.186440000000000161e-01
4.188479999999999981e-01
4.189899999999999736e-01
4.189700000000000091e-01
4.190550000000000108e-01
4.187159999999999771e-01
4.188819999999999766e-01
4.176770000000000205e-01
4.164539999999999909e-01
4.157810000000000117e-01
4.149390000000000023e-01
4.133249999999999980e-01
4.117270000000000096e-01
4.095889999999999809e-01
4.080750000000000210e-01
4.069260000000000099e-01
4.047479999999999967e-01
4.029809999999999781e-01
4.015599999999999725e-01
3.998610000000000220e-01
3.973090000000000233e-01
3.959150000000000169e-01
3.948180000000000023e-01
3.931600000000000095e-01
3.911149999999999904e-01
3.890449999999999742e-01
3.872249999999999859e-01
3.856040000000000023e-01
3.838719999999999910e-01
3.811249999999999916e-01
3.800600000000000089e-01
3.774989999999999735e-01
3.753239999999999910e-01
3.729540000000000077e-01
3.714129999999999932e-01
3.703370000000000273e-01
3.694290000000000074e-01
3.680249999999999910e-01
3.670030000000000237e-01
3.666079999999999894e-01
3.661309999999999842e-01
3.665450000000000097e-01
3.670240000000000169e-01
3.672579999999999734e-01
3.687110000000000110e-01
3.687179999999999902e-01
3.703520000000000145e-01
3.718810000000000171e-01
3.730530000000000235e-01
3.751840000000000175e-01
3.770760000000000223e-01
3.783960000000000101e-01
3.804170000000000051e-01
3.820660000000000167e-01
3.833559999999999746e-01
3.850999999999999979e-01
3.866049999999999764e-01
3.885779999999999790e-01
3.897490000000000121e-01
3.902749999999999830e-01
3.924630000000000063e-01
3.931009999999999782e-01
3.942570000000000241e-01
3.949570000000000025e-01
3.963110000000000244e-01
3.976399999999999935e-01
3.976480000000000015e-01
3.987290000000000001e-01
3.990509999999999891e-01
3.995580000000000243e-01
4.002410000000000134e-01
4.002479999999999927e-01
4.007990000000000164e-01
4.013740000000000085e-01
4.013280000000000181e-01
4.014010000000000078e-01
4.011449999999999738e-01
4.019380000000000175e-01
4.010540000000000216e-01
4.012189999999999923e-01
4.014389999999999903e-01
4.011020000000000141e-01
4.009679999999999911e-01
4.004940000000000166e-01
4.003039999999999932e-01
4.001469999999999749e-01
3.992890000000000050e-01
3.996890000000000165e-01
3.987930000000000086e-01
3.985469999999999846e-01
3.978889999999999927e-01
3.963849999999999874e-01
3.954070000000000085e-01
3.952459999999999862e-01
3.947559999999999958e-01
3.934349999999999792e-01
3.932320000000000260e-01
3.919340000000000046e-01
3.907729999999999815e-01
3.902249999999999885e-01
3.894279999999999964e-01
3.891760000000000219e-01
3.876539999999999986e-01
3.864460000000000117e-01
3.850680000000000214e-01
3.834440000000000071e-01
3.819910000000000250e-01
3.799020000000000175e-01
3.780609999999999804e-01
3.759910000000000196e-01
3.737110000000000154e-01
3.721340000000000203e-01
3.703190000000000093e-01
3.676510000000000056e-01
3.677090000000000081e-01
3.660459999999999825e-01
3.647949999999999804e-01
3.641079999999999872e-01
3.633500000000000063e-01
3.631440000000000223e-01
3.617500000000000160e-01
3.602509999999999879e-01
3.599229999999999929e-01
3.594559999999999977e-01
3.586489999999999956e-01
3.576969999999999872e-01
3.568100000000000160e-01
3.565989999999999993e-01
3.549220000000000153e-01
3.547069999999999945e-01
3.531460000000000155e-01
3.522850000000000148e-01
3.521329999999999738e-01
3.515969999999999929e-01
3.511489999999999889e-01
3.498279999999999723e-01
3.490150000000000197e-01
3.484579999999999900e-01
3.479970000000000008e-01
3.476159999999999806e-01
3.464470000000000049e-01
3.452930000000000166e-01
3.449650000000000216e-01
3.441930000000000267e-01
3.442419999999999924e-01
3.431170000000000053e-01
3.424789999999999779e-01
3.416139999999999732e-01
3.406270000000000131e-01
3.391410000000000258e-01
3.380819999999999936e-01
3.376210000000000044e-01
3.374750000000000250e-01
3.365529999999999911e-01
3.349759999999999960e-01
3.340150000000000063e-01
3.338720000000000021e-01
3.319270000000000276e-01
3.312309999999999977e-01
3.296459999999999946e-01
3.299460000000000170e-01
3.285600000000000187e-01
3.270859999999999879e-01
3.263280000000000070e-01
3.244330000000000269e-01
3.239850000000000230e-01
3.226979999999999849e-01
3.233119999999999883e-01
3.217070000000000207e-01
3.199420000000000042e-01
3.181689999999999796e-01
3.175620000000000109e-01
3.172320000000000140e-01
3.164190000000000058e-01
3.157460000000000266e-01
3.143210000000000170e-01
3.139830000000000121e-01
3.131169999999999787e-01
3.111260000000000137e-01
3.105049999999999755e-01
3.088549999999999907e-01
