6.448429999999999440e-02
6.253999999999999837e-02
6.043330000000000229e-02
5.753029999999999949e-02
5.559650000000000009e-02
5.303759999999999725e-02
5.076930000000000331e-02
4.862400000000000055e-02
4.662809999999999871e-02
4.456940000000000207e-02
4.282570000000000127e-02
4.107190000000000146e-02
3.924289999999999723e-02
3.777300000000000102e-02
3.628440000000000137e-02
3.505060000000000120e-02
3.396699999999999720e-02
3.280340000000000339e-02
3.179950000000000138e-02
3.106180000000000052e-02
3.026109999999999911e-02
2.950219999999999926e-02
2.888999999999999901e-02
2.840399999999999869e-02
2.812109999999999957e-02
2.812330000000000038e-02
2.769040000000000043e-02
2.793409999999999990e-02
2.806669999999999998e-02
2.807720000000000007e-02
2.824590000000000087e-02
2.858180000000000096e-02
2.893949999999999995e-02
2.903040000000000134e-02
2.972959999999999839e-02
2.991179999999999881e-02
3.027869999999999867e-02
3.068689999999999959e-02
3.107330000000000161e-02
3.148499999999999910e-02
3.182279999999999831e-02
3.219940000000000302e-02
3.261479999999999935e-02
3.264279999999999959e-02
3.281150000000000039e-02
3.285910000000000220e-02
3.271020000000000177e-02
3.230319999999999719e-02
3.187000000000000249e-02
3.127370000000000150e-02
3.059229999999999935e-02
2.984720000000000081e-02
2.910990000000000105e-02
2.861280000000000073e-02
2.782880000000000076e-02
2.776740000000000111e-02
2.746579999999999855e-02
2.745939999999999839e-02
2.767910000000000162e-02
2.854280000000000012e-02
2.938709999999999933e-02
3.089089999999999892e-02
3.274969999999999964e-02
3.505250000000000032e-02
3.795079999999999981e-02
4.160620000000000290e-02
4.526059999999999806e-02
4.934029999999999666e-02
5.451399999999999996e-02
5.909679999999999794e-02
6.467009999999999426e-02
7.026050000000000351e-02
7.621020000000000572e-02
8.239580000000000515e-02
8.934200000000000474e-02
9.560290000000000454e-02
1.031050000000000022e-01
1.101349999999999968e-01
1.180049999999999988e-01
1.246939999999999993e-01
1.330560000000000076e-01
1.407430000000000070e-01
1.489790000000000003e-01
1.564059999999999895e-01
1.649329999999999963e-01
1.721850000000000047e-01
1.807050000000000045e-01
1.867820000000000036e-01
1.943010000000000015e-01
2.012220000000000120e-01
2.087050000000000016e-01
2.150469999999999882e-01
2.227530000000000066e-01
2.281789999999999929e-01
2.344720000000000137e-01
2.398839999999999861e-01
2.454600000000000115e-01
2.499359999999999915e-01
2.559319999999999928e-01
2.596220000000000194e-01
2.647990000000000066e-01
2.680500000000000105e-01
2.730759999999999854e-01
2.761560000000000126e-01
2.799530000000000074e-01
2.827210000000000001e-01
2.866210000000000147e-01
2.890880000000000116e-01
2.919700000000000073e-01
2.942770000000000108e-01
2.966820000000000013e-01
3.026209999999999734e-01
3.048810000000000131e-01
3.066849999999999854e-01
3.090519999999999934e-01
3.103810000000000180e-01
3.120709999999999873e-01
3.133690000000000087e-01
3.151880000000000237e-01
3.160299999999999776e-01
3.168750000000000178e-01
3.174279999999999879e-01
3.184719999999999773e-01
3.195500000000000007e-01
3.204890000000000239e-01
3.200609999999999844e-01
3.187639999999999918e-01
3.194400000000000017e-01
3.197320000000000162e-01
3.202320000000000166e-01
3.210359999999999880e-01
3.143290000000000251e-01
3.160540000000000016e-01
3.163099999999999801e-01
3.172309999999999852e-01
3.182340000000000169e-01
3.190080000000000138e-01
3.197710000000000274e-01
3.212630000000000208e-01
3.215500000000000025e-01
3.222160000000000024e-01
3.234759999999999858e-01
3.253599999999999826e-01
3.254369999999999763e-01
3.276120000000000143e-01
3.289909999999999779e-01
3.302140000000000075e-01
3.317169999999999841e-01
3.332390000000000074e-01
3.349019999999999775e-01
3.360319999999999974e-01
3.376689999999999969e-01
3.395850000000000257e-01
3.418249999999999900e-01
3.431810000000000138e-01
3.450840000000000019e-01
3.471009999999999929e-01
3.486060000000000270e-01
3.514200000000000101e-01
3.525050000000000128e-01
3.544959999999999778e-01
3.566920000000000091e-01
3.584769999999999901e-01
3.614609999999999768e-01
3.624350000000000072e-01
3.653620000000000201e-01
3.668390000000000262e-01
3.680120000000000058e-01
3.702170000000000183e-01
3.719120000000000203e-01
3.737989999999999924e-01
3.751720000000000055e-01
3.767409999999999926e-01
3.790700000000000180e-01
3.806559999999999944e-01
3.815339999999999843e-01
3.828400000000000136e-01
3.838010000000000033e-01
3.853920000000000123e-01
3.856080000000000063e-01
3.875569999999999848e-01
3.882329999999999948e-01
3.897769999999999846e-01
3.905680000000000263e-01
3.911569999999999769e-01
3.925409999999999733e-01
3.920319999999999916e-01
3.932430000000000092e-01
3.941569999999999796e-01
3.958450000000000024e-01
3.950500000000000123e-01
3.958430000000000004e-01
3.971959999999999935e-01
3.972060000000000035e-01
3.977680000000000105e-01
3.974170000000000202e-01
3.977709999999999857e-01
3.988340000000000218e-01
3.981520000000000059e-01
3.989880000000000093e-01
3.982049999999999756e-01
3.992200000000000193e-01
3.982470000000000176e-01
3.987180000000000168e-01
3.990290000000000226e-01
3.984099999999999864e-01
3.977510000000000212e-01
3.968539999999999845e-01
3.963909999999999934e-01
3.952939999999999787e-01
3.935980000000000034e-01
3.919179999999999886e-01
3.911229999999999984e-01
3.887510000000000132e-01
3.873809999999999754e-01
3.862220000000000097e-01
3.840959999999999930e-01
3.826220000000000176e-01
3.814480000000000093e-01
3.799060000000000215e-01
3.780200000000000227e-01
3.757199999999999984e-01
3.757260000000000044e-01
3.738609999999999989e-01
3.712239999999999984e-01
3.708719999999999795e-01
3.683489999999999820e-01
3.663520000000000110e-01
3.653009999999999868e-01
3.625909999999999966e-01
3.617259999999999920e-01
3.600920000000000232e-01
3.577839999999999909e-01
3.559720000000000106e-01
3.544729999999999825e-01
3.525190000000000268e-01
3.515769999999999729e-01
3.503620000000000068e-01
3.500909999999999855e-01
3.493680000000000119e-01
3.490579999999999794e-01
3.491330000000000267e-01
3.487179999999999724e-01
3.493589999999999751e-01
3.509430000000000049e-01
3.516810000000000214e-01
3.511770000000000169e-01
3.534820000000000184e-01
3.545369999999999910e-01
3.557969999999999744e-01
3.574740000000000140e-01
3.589530000000000221e-01
3.602360000000000007e-01
3.614740000000000175e-01
3.635340000000000238e-01
3.641220000000000012e-01
3.658290000000000153e-01
3.669879999999999809e-01
3.682309999999999750e-01
3.695829999999999949e-01
3.705970000000000097e-01
3.712590000000000057e-01
3.724270000000000080e-01
3.735859999999999737e-01
3.734689999999999954e-01
3.750450000000000172e-01
3.752070000000000127e-01
3.762759999999999994e-01
3.763199999999999878e-01
3.769290000000000140e-01
3.776320000000000232e-01
3.777530000000000054e-01
3.776539999999999897e-01
3.776169999999999805e-01
3.780649999999999844e-01
3.780279999999999752e-01
3.783590000000000009e-01
3.785040000000000071e-01
3.784500000000000086e-01
3.786889999999999978e-01
3.779910000000000214e-01
3.779680000000000262e-01
3.791189999999999838e-01
3.783679999999999821e-01
3.777200000000000002e-01
3.772690000000000210e-01
3.765279999999999738e-01
3.760399999999999854e-01
3.761059999999999959e-01
3.755100000000000104e-01
3.749109999999999943e-01
3.738839999999999941e-01
3.736900000000000222e-01
3.727309999999999790e-01
3.720660000000000078e-01
3.718069999999999986e-01
3.703009999999999913e-01
3.700510000000000188e-01
3.688239999999999852e-01
3.682079999999999798e-01
3.668460000000000054e-01
3.658919999999999950e-01
3.657580000000000275e-01
3.647029999999999994e-01
3.636389999999999900e-01
3.628100000000000214e-01
3.608899999999999886e-01
3.592110000000000025e-01
3.575479999999999769e-01
3.553520000000000012e-01
3.543060000000000098e-01
3.525929999999999898e-01
3.511619999999999742e-01
3.486830000000000207e-01
3.486969999999999792e-01
3.474450000000000038e-01
3.452529999999999766e-01
3.447330000000000116e-01
3.441359999999999975e-01
3.437270000000000048e-01
3.429039999999999866e-01
3.422419999999999907e-01
3.414710000000000245e-01
3.408329999999999971e-01
3.403950000000000031e-01
3.394869999999999832e-01
3.383729999999999793e-01
3.378340000000000232e-01
3.370870000000000255e-01
3.357550000000000257e-01
3.357729999999999881e-01
3.353169999999999762e-01
3.341819999999999791e-01
3.339289999999999758e-01
3.335850000000000204e-01
3.325219999999999843e-01
3.314710000000000156e-01
3.310239999999999849e-01
3.306990000000000207e-01
3.303300000000000125e-01
3.292450000000000099e-01
3.283610000000000140e-01
3.274869999999999726e-01
3.275850000000000151e-01
3.265020000000000144e-01
3.259159999999999835e-01
3.251140000000000141e-01
3.250850000000000128e-01
3.249330000000000274e-01
3.227990000000000026e-01
3.224139999999999784e-01
3.211979999999999835e-01
3.207840000000000136e-01
3.201590000000000269e-01
3.190410000000000190e-01
3.183300000000000018e-01
3.178460000000000174e-01
3.168579999999999730e-01
3.152800000000000047e-01
3.146930000000000005e-01
3.138460000000000139e-01
3.129649999999999932e-01
3.111949999999999994e-01
3.114469999999999739e-01
3.105939999999999812e-01
3.085919999999999774e-01
3.083150000000000057e-01
3.074520000000000031e-01
3.075289999999999968e-01
3.054660000000000153e-01
3.040559999999999929e-01
3.032250000000000223e-01
3.029100000000000126e-01
3.015650000000000275e-01
3.018410000000000259e-01
3.001420000000000199e-01
3.003100000000000214e-01
2.989339999999999775e-01
2.974269999999999969e-01
2.968620000000000148e-01
2.952659999999999729e-01
