5.928300000000000236e-02
5.742320000000000063e-02
5.580609999999999737e-02
5.395980000000000221e-02
5.188580000000000275e-02
5.011779999999999707e-02
4.796020000000000144e-02
4.577989999999999837e-02
4.420679999999999749e-02
4.193689999999999918e-02
4.047540000000000165e-02
3.861579999999999874e-02
3.710920000000000191e-02
3.565360000000000057e-02
3.442699999999999927e-02
3.325020000000000059e-02
3.210219999999999740e-02
3.108170000000000030e-02
3.007750000000000007e-02
2.934720000000000037e-02
2.861309999999999895e-02
2.794179999999999928e-02
2.745660000000000114e-02
2.725690000000000057e-02
2.693670000000000092e-02
2.684140000000000137e-02
2.667960000000000123e-02
2.679780000000000009e-02
2.691230000000000011e-02
2.744459999999999955e-02
2.763530000000000153e-02
2.785620000000000110e-02
2.837459999999999982e-02
2.881840000000000096e-02
2.927410000000000082e-02
2.962849999999999859e-02
3.004470000000000057e-02
3.045430000000000012e-02
3.058030000000000123e-02
3.110960000000000114e-02
3.132619999999999849e-02
3.158330000000000165e-02
3.191070000000000018e-02
3.147660000000000041e-02
3.169050000000000339e-02
3.134399999999999686e-02
3.100090000000000137e-02
3.070840000000000028e-02
3.026229999999999892e-02
2.976020000000000054e-02
2.909959999999999977e-02
2.830049999999999927e-02
2.784350000000000019e-02
2.717160000000000061e-02
2.669349999999999848e-02
2.612559999999999882e-02
2.593670000000000003e-02
2.604010000000000005e-02
2.614050000000000054e-02
2.717139999999999833e-02
2.778299999999999867e-02
2.928559999999999844e-02
3.073180000000000009e-02
3.290549999999999725e-02
3.544959999999999778e-02
3.851029999999999731e-02
4.121949999999999920e-02
4.485270000000000229e-02
4.889759999999999940e-02
5.295779999999999932e-02
5.728420000000000040e-02
6.138550000000000256e-02
6.644650000000000556e-02
7.072159999999999558e-02
7.589070000000000538e-02
8.024290000000000589e-02
8.536979999999999569e-02
9.041849999999999887e-02
9.585499999999999576e-02
1.004530000000000006e-01
1.060439999999999994e-01
1.106499999999999984e-01
1.164729999999999932e-01
1.218380000000000019e-01
1.276690000000000047e-01
1.328139999999999876e-01
1.383070000000000133e-01
1.435510000000000119e-01
1.495690000000000075e-01
1.544570000000000110e-01
1.603060000000000040e-01
1.665959999999999941e-01
1.721709999999999907e-01
1.776689999999999936e-01
1.834099999999999897e-01
1.883890000000000009e-01
1.932740000000000014e-01
1.984279999999999933e-01
2.031149999999999900e-01
2.078929999999999945e-01
2.125559999999999949e-01
2.162560000000000038e-01
2.203650000000000053e-01
2.239780000000000104e-01
2.274990000000000068e-01
2.306640000000000079e-01
2.341920000000000113e-01
2.368760000000000032e-01
2.402219999999999911e-01
2.420730000000000104e-01
2.458029999999999937e-01
2.496919999999999973e-01
2.521709999999999785e-01
2.539959999999999996e-01
2.561280000000000223e-01
2.575410000000000199e-01
2.591800000000000215e-01
2.612630000000000230e-01
2.626669999999999838e-01
2.631669999999999843e-01
2.647220000000000129e-01
2.660649999999999959e-01
2.667729999999999824e-01
2.674869999999999748e-01
2.684360000000000079e-01
2.687220000000000164e-01
2.699860000000000038e-01
2.704480000000000217e-01
2.708709999999999729e-01
2.719539999999999735e-01
2.726149999999999962e-01
2.676689999999999903e-01
2.685600000000000209e-01
2.698249999999999815e-01
2.702800000000000202e-01
2.712669999999999804e-01
2.725609999999999977e-01
2.731870000000000132e-01
2.743929999999999980e-01
2.754559999999999786e-01
2.769400000000000195e-01
2.779610000000000136e-01
2.789139999999999953e-01
2.800309999999999744e-01
2.823030000000000261e-01
2.841359999999999997e-01
2.860460000000000225e-01
2.878479999999999928e-01
2.897870000000000168e-01
2.921619999999999773e-01
2.935119999999999951e-01
2.956190000000000206e-01
2.976530000000000009e-01
3.000530000000000141e-01
3.022650000000000059e-01
3.043219999999999814e-01
3.064000000000000057e-01
3.092520000000000269e-01
3.109529999999999794e-01
3.139049999999999896e-01
3.157260000000000066e-01
3.186320000000000263e-01
3.209330000000000238e-01
3.225489999999999746e-01
3.250700000000000256e-01
3.272889999999999966e-01
3.299059999999999770e-01
3.318550000000000111e-01
3.338670000000000249e-01
3.353900000000000214e-01
3.376620000000000177e-01
3.392169999999999908e-01
3.415819999999999967e-01
3.431980000000000031e-01
3.447370000000000156e-01
3.459099999999999953e-01
3.466230000000000144e-01
3.492219999999999769e-01
3.505940000000000167e-01
3.513620000000000076e-01
3.524829999999999908e-01
3.533819999999999739e-01
3.542060000000000208e-01
3.547919999999999963e-01
3.560530000000000084e-01
3.564749999999999863e-01
3.573970000000000202e-01
3.584609999999999741e-01
3.589419999999999833e-01
3.595700000000000007e-01
3.593740000000000268e-01
3.599010000000000264e-01
3.602339999999999987e-01
3.609399999999999831e-01
3.608480000000000021e-01
3.607290000000000219e-01
3.613620000000000165e-01
3.609319999999999751e-01
3.618399999999999950e-01
3.616400000000000170e-01
3.614109999999999823e-01
3.612690000000000068e-01
3.608629999999999893e-01
3.604970000000000119e-01
3.606949999999999878e-01
3.599049999999999749e-01
3.599149999999999849e-01
3.590169999999999750e-01
3.571409999999999862e-01
3.570929999999999938e-01
3.557850000000000179e-01
3.550760000000000027e-01
3.527069999999999927e-01
3.518160000000000176e-01
3.499149999999999761e-01
3.492009999999999836e-01
3.473069999999999768e-01
3.463060000000000027e-01
3.446589999999999931e-01
3.427049999999999819e-01
3.407359999999999833e-01
3.405889999999999751e-01
3.391750000000000043e-01
3.375110000000000054e-01
3.354269999999999752e-01
3.341390000000000193e-01
3.323579999999999868e-01
3.308269999999999822e-01
3.295810000000000128e-01
3.282780000000000142e-01
3.263440000000000230e-01
3.240779999999999772e-01
3.222849999999999882e-01
3.208440000000000181e-01
3.194469999999999810e-01
3.178819999999999979e-01
3.171669999999999767e-01
3.162179999999999991e-01
3.156849999999999934e-01
3.142260000000000053e-01
3.137010000000000076e-01
3.141309999999999936e-01
3.134529999999999816e-01
3.141390000000000016e-01
3.141269999999999896e-01
3.145450000000000190e-01
3.155049999999999799e-01
3.159799999999999831e-01
3.168389999999999818e-01
3.176619999999999999e-01
3.187139999999999973e-01
3.196280000000000232e-01
3.202189999999999759e-01
3.218699999999999894e-01
3.226859999999999729e-01
3.230839999999999823e-01
3.237729999999999775e-01
3.247769999999999824e-01
3.257039999999999935e-01
3.257059999999999955e-01
3.265779999999999794e-01
3.269250000000000211e-01
3.273380000000000178e-01
3.272550000000000181e-01
3.285029999999999895e-01
3.292370000000000019e-01
3.293400000000000216e-01
3.293550000000000089e-01
3.292769999999999864e-01
3.290379999999999971e-01
3.295139999999999736e-01
3.302470000000000128e-01
3.289549999999999974e-01
3.294480000000000186e-01
3.293740000000000001e-01
3.293400000000000216e-01
3.290009999999999879e-01
3.293940000000000201e-01
3.286140000000000172e-01
3.287100000000000022e-01
3.283880000000000132e-01
3.279380000000000073e-01
3.281160000000000188e-01
3.274759999999999893e-01
3.266510000000000247e-01
3.262229999999999852e-01
3.266049999999999787e-01
3.259509999999999907e-01
3.258079999999999865e-01
3.248199999999999976e-01
3.238940000000000152e-01
3.235899999999999888e-01
3.226019999999999999e-01
3.228400000000000158e-01
3.222510000000000097e-01
3.206749999999999878e-01
3.207169999999999743e-01
3.199429999999999774e-01
3.191280000000000228e-01
3.187789999999999790e-01
3.176570000000000227e-01
3.173599999999999755e-01
3.162170000000000258e-01
3.162840000000000096e-01
3.155330000000000079e-01
3.143599999999999728e-01
3.125439999999999885e-01
3.114999999999999991e-01
3.100609999999999755e-01
3.088380000000000014e-01
3.072349999999999803e-01
3.061659999999999937e-01
3.048620000000000219e-01
3.039839999999999764e-01
3.029529999999999723e-01
3.019499999999999962e-01
3.011289999999999800e-01
3.007119999999999793e-01
2.999249999999999972e-01
3.001409999999999911e-01
2.988080000000000180e-01
2.981190000000000229e-01
2.979249999999999954e-01
2.974419999999999842e-01
2.970280000000000142e-01
2.965360000000000218e-01
2.962099999999999733e-01
2.953660000000000174e-01
2.945360000000000200e-01
2.947989999999999777e-01
2.939229999999999898e-01
2.934669999999999779e-01
2.926869999999999750e-01
2.923839999999999772e-01
2.917600000000000193e-01
2.910260000000000069e-01
2.908359999999999834e-01
2.900889999999999858e-01
2.901139999999999830e-01
2.892429999999999723e-01
2.893299999999999761e-01
2.884559999999999902e-01
2.881449999999999845e-01
2.884430000000000049e-01
2.878519999999999968e-01
2.866380000000000039e-01
2.866360000000000019e-01
2.860139999999999905e-01
2.858700000000000130e-01
2.851909999999999723e-01
2.844519999999999826e-01
2.836989999999999790e-01
2.834929999999999950e-01
2.831080000000000263e-01
2.823609999999999731e-01
2.813680000000000070e-01
2.814690000000000247e-01
2.802239999999999731e-01
2.798340000000000272e-01
2.791500000000000092e-01
2.786379999999999968e-01
2.784139999999999948e-01
2.763880000000000225e-01
2.762879999999999781e-01
2.754030000000000089e-01
2.747660000000000102e-01
2.738340000000000218e-01
2.738050000000000206e-01
2.732669999999999821e-01
2.721640000000000170e-01
2.707899999999999752e-01
2.704779999999999962e-01
2.711000000000000076e-01
2.700899999999999967e-01
2.700020000000000198e-01
2.692640000000000033e-01
2.691729999999999956e-01
2.681870000000000087e-01
2.672109999999999763e-01
2.660000000000000142e-01
2.649790000000000201e-01
