6.179420000000000052e-02
5.937520000000000298e-02
5.792640000000000289e-02
5.615690000000000265e-02
5.435460000000000291e-02
5.248160000000000325e-02
5.072369999999999657e-02
4.866209999999999980e-02
4.645620000000000305e-02
4.463059999999999944e-02
4.259980000000000017e-02
4.076110000000000150e-02
3.940819999999999740e-02
3.771250000000000296e-02
3.661439999999999834e-02
3.507450000000000151e-02
3.410439999999999999e-02
3.271109999999999990e-02
3.170180000000000220e-02
3.086130000000000123e-02
2.971709999999999977e-02
2.919930000000000095e-02
2.852630000000000096e-02
2.787740000000000010e-02
2.765830000000000025e-02
2.730669999999999972e-02
2.696089999999999945e-02
2.677900000000000072e-02
2.641740000000000060e-02
2.641519999999999979e-02
2.662099999999999883e-02
2.695749999999999882e-02
2.791820000000000065e-02
2.873900000000000066e-02
2.961050000000000140e-02
3.042889999999999831e-02
3.138180000000000136e-02
3.189050000000000218e-02
3.258479999999999710e-02
3.298689999999999956e-02
3.334199999999999664e-02
3.366269999999999679e-02
3.396190000000000320e-02
3.392289999999999889e-02
3.375870000000000259e-02
3.366650000000000198e-02
3.318390000000000228e-02
3.283660000000000051e-02
3.248790000000000011e-02
3.172420000000000101e-02
3.109819999999999945e-02
3.026699999999999877e-02
2.955380000000000160e-02
2.875209999999999919e-02
2.818210000000000159e-02
2.794840000000000171e-02
2.765859999999999846e-02
2.775769999999999973e-02
2.780710000000000126e-02
2.863749999999999976e-02
2.976310000000000067e-02
3.129200000000000037e-02
3.327610000000000290e-02
3.560909999999999770e-02
3.822659999999999947e-02
4.163120000000000015e-02
4.581249999999999906e-02
4.972879999999999662e-02
5.511819999999999914e-02
5.972399999999999931e-02
6.553639999999999466e-02
7.105730000000000379e-02
7.747980000000000145e-02
8.372359999999999525e-02
9.072669999999999346e-02
9.722759999999999736e-02
1.045549999999999952e-01
1.120529999999999998e-01
1.196849999999999997e-01
1.273350000000000037e-01
1.354779999999999873e-01
1.429070000000000062e-01
1.520849999999999980e-01
1.593910000000000049e-01
1.687639999999999973e-01
1.757360000000000033e-01
1.846160000000000023e-01
1.916150000000000075e-01
1.998139999999999916e-01
2.067849999999999966e-01
2.139409999999999923e-01
2.210030000000000050e-01
2.283380000000000132e-01
2.350490000000000079e-01
2.413800000000000112e-01
2.472729999999999928e-01
2.531820000000000181e-01
2.583699999999999886e-01
2.632610000000000228e-01
2.679529999999999967e-01
2.730839999999999934e-01
2.765859999999999985e-01
2.820719999999999894e-01
2.851040000000000241e-01
2.887879999999999892e-01
2.921210000000000195e-01
2.954470000000000152e-01
2.988069999999999893e-01
3.018370000000000219e-01
3.043230000000000102e-01
3.075910000000000033e-01
3.123739999999999850e-01
3.155950000000000144e-01
3.171950000000000047e-01
3.187840000000000118e-01
3.213269999999999738e-01
3.225430000000000241e-01
3.238940000000000152e-01
3.255089999999999928e-01
3.271100000000000119e-01
3.284360000000000057e-01
3.290210000000000079e-01
3.304400000000000115e-01
3.313209999999999766e-01
3.322820000000000218e-01
3.322999999999999843e-01
3.330190000000000095e-01
3.329710000000000170e-01
3.339529999999999998e-01
3.352140000000000120e-01
3.349110000000000142e-01
3.282760000000000122e-01
3.292120000000000046e-01
3.298360000000000181e-01
3.313420000000000254e-01
3.313710000000000266e-01
3.326410000000000200e-01
3.335659999999999736e-01
3.356560000000000099e-01
3.360199999999999854e-01
3.366219999999999768e-01
3.378630000000000244e-01
3.395580000000000265e-01
3.403370000000000006e-01
3.422870000000000079e-01
3.430230000000000223e-01
3.442399999999999904e-01
3.453959999999999808e-01
3.471870000000000234e-01
3.492109999999999936e-01
3.509149999999999769e-01
3.530820000000000070e-01
3.547799999999999843e-01
3.562620000000000231e-01
3.587650000000000006e-01
3.613649999999999918e-01
3.623620000000000174e-01
3.647389999999999799e-01
3.667839999999999989e-01
3.690539999999999932e-01
3.706800000000000095e-01
3.733090000000000019e-01
3.744350000000000178e-01
3.767400000000000193e-01
3.796100000000000030e-01
3.812909999999999910e-01
3.833690000000000153e-01
3.859639999999999738e-01
3.875049999999999883e-01
3.893409999999999926e-01
3.917070000000000274e-01
3.934030000000000027e-01
3.951160000000000228e-01
3.966029999999999833e-01
3.979920000000000124e-01
3.998889999999999945e-01
4.002410000000000134e-01
4.019880000000000120e-01
4.032529999999999726e-01
4.045960000000000112e-01
4.060730000000000173e-01
4.068300000000000249e-01
4.078350000000000031e-01
4.090329999999999799e-01
4.092660000000000187e-01
4.104010000000000158e-01
4.107739999999999725e-01
4.119619999999999949e-01
4.129729999999999790e-01
4.134490000000000109e-01
4.142730000000000024e-01
4.140909999999999869e-01
4.141440000000000121e-01
4.149599999999999955e-01
4.157549999999999857e-01
4.152250000000000107e-01
4.158789999999999987e-01
4.170079999999999898e-01
4.166329999999999756e-01
4.164309999999999956e-01
4.166850000000000276e-01
4.164309999999999956e-01
4.170539999999999803e-01
4.167270000000000141e-01
4.161960000000000104e-01
4.159979999999999789e-01
4.147540000000000115e-01
4.140710000000000224e-01
4.131279999999999952e-01
4.127399999999999958e-01
4.112350000000000172e-01
4.089539999999999842e-01
4.082109999999999905e-01
4.058069999999999733e-01
4.036500000000000088e-01
4.023579999999999934e-01
4.008169999999999789e-01
3.991580000000000128e-01
3.971049999999999858e-01
3.955350000000000255e-01
3.932899999999999729e-01
3.916129999999999889e-01
3.901069999999999816e-01
3.875890000000000168e-01
3.867369999999999974e-01
3.852360000000000229e-01
3.825250000000000039e-01
3.806729999999999836e-01
3.784980000000000011e-01
3.762750000000000261e-01
3.755260000000000264e-01
3.729230000000000045e-01
3.712420000000000164e-01
3.690620000000000012e-01
3.672969999999999846e-01
3.654620000000000091e-01
3.643819999999999837e-01
3.633020000000000138e-01
3.626240000000000019e-01
3.620099999999999985e-01
3.617560000000000220e-01
3.611710000000000198e-01
3.616829999999999767e-01
3.627779999999999894e-01
3.630950000000000011e-01
3.635160000000000058e-01
3.653250000000000108e-01
3.665990000000000082e-01
3.680459999999999843e-01
3.694769999999999999e-01
3.711479999999999779e-01
3.721690000000000276e-01
3.742210000000000258e-01
3.758130000000000082e-01
3.776010000000000200e-01
3.790140000000000176e-01
3.803599999999999759e-01
3.821539999999999937e-01
3.837439999999999740e-01
3.842130000000000267e-01
3.856319999999999748e-01
3.868170000000000219e-01
3.879509999999999903e-01
3.887369999999999992e-01
3.891080000000000094e-01
3.913269999999999804e-01
3.909790000000000210e-01
3.917470000000000119e-01
3.922450000000000103e-01
3.926509999999999723e-01
3.931390000000000162e-01
3.930239999999999845e-01
3.939520000000000244e-01
3.936149999999999927e-01
3.942309999999999981e-01
3.946200000000000263e-01
3.943450000000000011e-01
3.936720000000000219e-01
3.948280000000000123e-01
3.948200000000000043e-01
3.948420000000000263e-01
3.948369999999999935e-01
3.945790000000000131e-01
3.942780000000000173e-01
3.943710000000000271e-01
3.936779999999999724e-01
3.933349999999999902e-01
3.923710000000000253e-01
3.923449999999999993e-01
3.916200000000000236e-01
3.913429999999999964e-01
3.896479999999999944e-01
3.902769999999999850e-01
3.888199999999999990e-01
3.888010000000000077e-01
3.874580000000000246e-01
3.862829999999999875e-01
3.862209999999999810e-01
3.851570000000000271e-01
3.840339999999999865e-01
3.826080000000000036e-01
3.825560000000000072e-01
3.817720000000000002e-01
3.805689999999999906e-01
3.795760000000000245e-01
3.773230000000000195e-01
3.756809999999999872e-01
3.747159999999999935e-01
3.730359999999999787e-01
3.707110000000000127e-01
3.684230000000000005e-01
3.673690000000000011e-01
3.653299999999999881e-01
3.629700000000000149e-01
3.631900000000000128e-01
3.609479999999999911e-01
3.599200000000000177e-01
3.594310000000000005e-01
3.586739999999999928e-01
3.573879999999999835e-01
3.571639999999999815e-01
3.561400000000000121e-01
3.556849999999999734e-01
3.549410000000000065e-01
3.537750000000000061e-01
3.529749999999999832e-01
3.521710000000000118e-01
3.514519999999999866e-01
3.506920000000000037e-01
3.500679999999999903e-01
3.487390000000000212e-01
3.493200000000000194e-01
3.474740000000000051e-01
3.470730000000000204e-01
3.472359999999999891e-01
3.460010000000000030e-01
3.451980000000000048e-01
3.448160000000000114e-01
3.443350000000000022e-01
3.438680000000000070e-01
3.428120000000000056e-01
3.422919999999999852e-01
3.414249999999999785e-01
3.409889999999999866e-01
3.406989999999999741e-01
3.393519999999999870e-01
3.391259999999999830e-01
3.386370000000000213e-01
3.374980000000000202e-01
3.369779999999999998e-01
3.359770000000000256e-01
3.349190000000000222e-01
3.344790000000000263e-01
3.332899999999999752e-01
3.323070000000000190e-01
3.312519999999999909e-01
3.312080000000000024e-01
3.295899999999999941e-01
3.291189999999999949e-01
3.270580000000000154e-01
3.269989999999999841e-01
3.267900000000000249e-01
3.249020000000000241e-01
3.240819999999999812e-01
3.221890000000000032e-01
3.219589999999999952e-01
3.210459999999999980e-01
3.208779999999999966e-01
3.189179999999999793e-01
3.179790000000000116e-01
3.163460000000000161e-01
3.157749999999999724e-01
3.155470000000000219e-01
3.145279999999999743e-01
3.138810000000000211e-01
3.128239999999999910e-01
3.120789999999999953e-01
3.110829999999999984e-01
3.101439999999999753e-01
3.088250000000000162e-01
3.068640000000000256e-01
