6.468369999999999675e-02
6.249760000000000038e-02
6.071150000000000158e-02
5.828900000000000053e-02
5.614029999999999715e-02
5.366689999999999655e-02
5.138430000000000081e-02
4.893739999999999896e-02
4.714900000000000341e-02
4.488840000000000191e-02
4.276540000000000202e-02
4.074180000000000162e-02
3.930440000000000322e-02
3.751829999999999748e-02
3.639919999999999961e-02
3.498099999999999821e-02
3.400380000000000069e-02
3.237419999999999881e-02
3.160639999999999977e-02
3.079269999999999924e-02
3.008970000000000047e-02
2.953829999999999997e-02
2.893830000000000013e-02
2.842400000000000135e-02
2.816520000000000135e-02
2.795380000000000087e-02
2.814030000000000004e-02
2.808729999999999907e-02
2.842160000000000172e-02
2.850360000000000046e-02
2.906210000000000043e-02
2.925840000000000038e-02
2.964299999999999921e-02
3.021659999999999971e-02
3.062629999999999866e-02
3.099729999999999847e-02
3.167119999999999658e-02
3.184359999999999968e-02
3.222669999999999702e-02
3.267119999999999747e-02
3.306189999999999823e-02
3.304030000000000161e-02
3.307979999999999948e-02
3.325469999999999815e-02
3.307109999999999911e-02
3.286469999999999669e-02
3.251710000000000017e-02
3.200990000000000085e-02
3.187580000000000274e-02
3.102210000000000037e-02
3.064899999999999916e-02
2.975420000000000148e-02
2.894899999999999904e-02
2.841640000000000138e-02
2.782580000000000123e-02
2.724729999999999860e-02
2.717200000000000171e-02
2.726309999999999845e-02
2.750850000000000170e-02
2.818879999999999997e-02
2.921580000000000010e-02
3.078089999999999993e-02
3.221659999999999802e-02
3.496989999999999821e-02
3.774659999999999821e-02
4.106080000000000146e-02
4.485900000000000304e-02
4.884100000000000247e-02
5.362829999999999681e-02
5.836430000000000090e-02
6.416639999999999844e-02
6.926039999999999974e-02
7.553940000000000654e-02
8.145109999999999850e-02
8.797399999999999665e-02
9.448729999999999629e-02
1.017020000000000007e-01
1.087790000000000007e-01
1.157569999999999988e-01
1.232390000000000013e-01
1.309690000000000021e-01
1.382039999999999935e-01
1.461240000000000039e-01
1.539159999999999973e-01
1.618269999999999986e-01
1.693719999999999948e-01
1.775229999999999864e-01
1.829770000000000008e-01
1.911930000000000018e-01
1.979249999999999898e-01
2.052589999999999970e-01
2.114920000000000133e-01
2.180799999999999961e-01
2.233559999999999990e-01
2.294539999999999913e-01
2.349459999999999882e-01
2.398980000000000001e-01
2.446520000000000084e-01
2.492129999999999901e-01
2.541240000000000165e-01
2.578759999999999941e-01
2.623780000000000001e-01
2.658929999999999905e-01
2.688820000000000099e-01
2.727760000000000185e-01
2.758680000000000021e-01
2.780819999999999959e-01
2.813510000000000177e-01
2.841080000000000272e-01
2.856870000000000243e-01
2.884229999999999849e-01
2.936329999999999774e-01
2.960720000000000018e-01
2.984410000000000118e-01
3.001289999999999791e-01
3.016929999999999890e-01
3.034629999999999828e-01
3.052099999999999813e-01
3.062079999999999802e-01
3.072199999999999931e-01
3.080049999999999732e-01
3.079749999999999988e-01
3.102369999999999850e-01
3.116780000000000106e-01
3.126720000000000055e-01
3.128509999999999902e-01
3.128619999999999735e-01
3.130129999999999857e-01
3.133380000000000054e-01
3.137170000000000236e-01
3.131349999999999967e-01
3.078350000000000253e-01
3.089259999999999784e-01
3.096200000000000063e-01
3.106740000000000057e-01
3.115009999999999724e-01
3.120490000000000208e-01
3.131900000000000239e-01
3.148449999999999860e-01
3.148560000000000247e-01
3.159429999999999739e-01
3.171370000000000022e-01
3.188579999999999748e-01
3.196200000000000152e-01
3.203380000000000116e-01
3.220230000000000037e-01
3.244360000000000022e-01
3.258090000000000153e-01
3.271850000000000036e-01
3.285410000000000275e-01
3.304650000000000087e-01
3.315810000000000146e-01
3.339340000000000086e-01
3.349829999999999752e-01
3.367120000000000113e-01
3.393379999999999730e-01
3.413729999999999820e-01
3.428140000000000076e-01
3.450219999999999954e-01
3.464559999999999862e-01
3.491389999999999771e-01
3.510199999999999987e-01
3.527879999999999905e-01
3.551810000000000245e-01
3.566119999999999846e-01
3.583589999999999831e-01
3.605960000000000276e-01
3.622130000000000072e-01
3.643950000000000244e-01
3.662659999999999805e-01
3.685069999999999735e-01
3.706050000000000177e-01
3.719890000000000141e-01
3.727139999999999898e-01
3.747409999999999908e-01
3.763469999999999871e-01
3.772739999999999982e-01
3.786349999999999993e-01
3.794910000000000228e-01
3.805629999999999846e-01
3.815749999999999975e-01
3.828309999999999769e-01
3.839690000000000047e-01
3.853150000000000186e-01
3.856870000000000021e-01
3.866999999999999882e-01
3.878289999999999793e-01
3.880049999999999888e-01
3.881249999999999978e-01
3.899779999999999913e-01
3.902970000000000050e-01
3.899290000000000256e-01
3.912950000000000039e-01
3.923820000000000086e-01
3.922660000000000036e-01
3.933900000000000174e-01
3.932649999999999757e-01
3.936549999999999772e-01
3.941350000000000131e-01
3.941060000000000119e-01
3.947990000000000110e-01
3.952950000000000075e-01
3.950250000000000150e-01
3.950899999999999967e-01
3.953780000000000072e-01
3.950029999999999930e-01
3.947559999999999958e-01
3.936470000000000247e-01
3.929710000000000147e-01
3.916879999999999806e-01
3.907909999999999995e-01
3.888070000000000137e-01
3.875399999999999956e-01
3.859349999999999725e-01
3.847220000000000084e-01
3.835480000000000000e-01
3.822400000000000242e-01
3.808000000000000274e-01
3.788279999999999981e-01
3.777159999999999962e-01
3.762429999999999941e-01
3.741729999999999778e-01
3.730399999999999827e-01
3.710849999999999982e-01
3.698850000000000193e-01
3.682000000000000273e-01
3.667380000000000084e-01
3.650229999999999864e-01
3.638379999999999947e-01
3.614629999999999788e-01
3.594629999999999770e-01
3.577460000000000084e-01
3.561559999999999726e-01
3.548149999999999915e-01
3.532569999999999877e-01
3.514329999999999954e-01
3.506449999999999845e-01
3.494349999999999956e-01
3.488209999999999922e-01
3.479510000000000103e-01
3.485869999999999802e-01
3.479260000000000130e-01
3.477129999999999943e-01
3.486279999999999935e-01
3.492399999999999949e-01
3.504689999999999750e-01
3.508129999999999860e-01
3.519070000000000253e-01
3.541389999999999816e-01
3.551099999999999812e-01
3.564840000000000231e-01
3.583000000000000074e-01
3.596119999999999872e-01
3.613739999999999730e-01
3.622969999999999802e-01
3.639569999999999750e-01
3.656499999999999750e-01
3.671369999999999911e-01
3.677000000000000268e-01
3.696459999999999746e-01
3.698870000000000213e-01
3.716050000000000186e-01
3.723360000000000003e-01
3.730180000000000162e-01
3.739640000000000186e-01
3.747510000000000008e-01
3.754149999999999987e-01
3.755830000000000002e-01
3.761789999999999856e-01
3.772050000000000125e-01
3.768029999999999990e-01
3.774219999999999797e-01
3.777139999999999942e-01
3.777840000000000087e-01
3.778619999999999757e-01
3.783139999999999836e-01
3.786979999999999791e-01
3.783790000000000209e-01
3.783409999999999829e-01
3.781559999999999921e-01
3.776200000000000112e-01
3.777440000000000242e-01
3.780009999999999759e-01
3.781169999999999809e-01
3.776630000000000265e-01
3.772530000000000050e-01
3.770569999999999755e-01
3.765990000000000171e-01
3.767940000000000178e-01
3.755749999999999922e-01
3.750140000000000140e-01
3.742880000000000096e-01
3.734120000000000217e-01
3.727409999999999890e-01
3.731389999999999985e-01
3.718890000000000251e-01
3.707309999999999772e-01
3.695769999999999889e-01
3.689200000000000257e-01
3.687969999999999859e-01
3.674749999999999961e-01
3.671909999999999896e-01
3.661110000000000197e-01
3.648719999999999741e-01
3.637900000000000023e-01
3.635550000000000170e-01
3.604550000000000254e-01
3.593210000000000015e-01
3.575130000000000252e-01
3.562359999999999971e-01
3.545479999999999743e-01
3.526929999999999787e-01
3.515510000000000024e-01
3.500909999999999855e-01
3.492899999999999894e-01
3.479360000000000230e-01
3.462520000000000042e-01
3.459650000000000225e-01
3.452569999999999806e-01
3.441290000000000182e-01
3.435750000000000193e-01
3.428499999999999881e-01
3.418629999999999725e-01
3.415790000000000215e-01
3.407879999999999798e-01
3.406560000000000143e-01
3.398849999999999927e-01
3.386950000000000238e-01
3.378680000000000017e-01
3.368300000000000183e-01
3.366759999999999753e-01
3.360159999999999814e-01
3.349579999999999780e-01
3.344530000000000003e-01
3.342390000000000083e-01
3.346459999999999990e-01
3.326399999999999912e-01
3.320679999999999743e-01
3.317620000000000013e-01
3.311339999999999839e-01
3.297140000000000071e-01
3.293309999999999849e-01
3.292019999999999946e-01
3.281359999999999832e-01
3.278800000000000048e-01
3.264230000000000187e-01
3.263300000000000090e-01
3.260759999999999770e-01
3.252470000000000083e-01
3.237200000000000077e-01
3.228059999999999818e-01
3.222180000000000044e-01
3.222630000000000217e-01
3.208130000000000148e-01
3.201800000000000201e-01
3.186419999999999808e-01
3.182920000000000194e-01
3.173250000000000237e-01
3.164509999999999823e-01
3.155399999999999872e-01
3.150530000000000275e-01
3.141889999999999961e-01
3.123199999999999865e-01
3.122240000000000015e-01
3.108540000000000192e-01
3.098099999999999743e-01
3.091280000000000139e-01
3.088790000000000147e-01
3.078770000000000118e-01
3.058150000000000035e-01
3.042790000000000217e-01
3.042150000000000132e-01
3.035519999999999885e-01
3.030999999999999805e-01
3.019490000000000229e-01
3.008239999999999803e-01
3.011739999999999973e-01
3.004979999999999873e-01
2.989390000000000103e-01
2.973219999999999752e-01
2.960579999999999878e-01
