6.423579999999999568e-02
6.212859999999999910e-02
5.962150000000000089e-02
5.770150000000000279e-02
5.539390000000000286e-02
5.300300000000000150e-02
5.089359999999999717e-02
4.853430000000000244e-02
4.613949999999999996e-02
4.427650000000000335e-02
4.232469999999999982e-02
4.043080000000000285e-02
3.907360000000000000e-02
3.730569999999999720e-02
3.575129999999999975e-02
3.457179999999999975e-02
3.337890000000000301e-02
3.225549999999999945e-02
3.144369999999999804e-02
3.037439999999999932e-02
2.980789999999999829e-02
2.921920000000000073e-02
2.863160000000000011e-02
2.819759999999999975e-02
2.797470000000000165e-02
2.791099999999999831e-02
2.784620000000000151e-02
2.803670000000000120e-02
2.801510000000000111e-02
2.848720000000000072e-02
2.886239999999999986e-02
2.926420000000000063e-02
2.979980000000000129e-02
3.040920000000000081e-02
3.059229999999999935e-02
3.101780000000000162e-02
3.136150000000000049e-02
3.178009999999999863e-02
3.209259999999999891e-02
3.265400000000000247e-02
3.284009999999999707e-02
3.306139999999999773e-02
3.326839999999999659e-02
3.324099999999999971e-02
3.308640000000000192e-02
3.269330000000000153e-02
3.255770000000000192e-02
3.239609999999999712e-02
3.177640000000000325e-02
3.119009999999999838e-02
3.039249999999999938e-02
2.979189999999999963e-02
2.910710000000000033e-02
2.825099999999999834e-02
2.772120000000000140e-02
2.756990000000000135e-02
2.704360000000000097e-02
2.732849999999999863e-02
2.749980000000000133e-02
2.840499999999999969e-02
2.931999999999999884e-02
3.090940000000000007e-02
3.255439999999999723e-02
3.508950000000000263e-02
3.804280000000000161e-02
4.129940000000000000e-02
4.505789999999999795e-02
4.928620000000000223e-02
5.441189999999999916e-02
5.873550000000000298e-02
6.473070000000000213e-02
6.991139999999999854e-02
7.624849999999999683e-02
8.209400000000000031e-02
8.924619999999999775e-02
9.550069999999999393e-02
1.027860000000000024e-01
1.097390000000000032e-01
1.175130000000000063e-01
1.252469999999999972e-01
1.333120000000000138e-01
1.409630000000000050e-01
1.491909999999999903e-01
1.567679999999999907e-01
1.652530000000000110e-01
1.732370000000000021e-01
1.811669999999999947e-01
1.877169999999999950e-01
1.954960000000000031e-01
2.025369999999999948e-01
2.102439999999999864e-01
2.169599999999999862e-01
2.236960000000000059e-01
2.300169999999999992e-01
2.363419999999999965e-01
2.416639999999999899e-01
2.479679999999999940e-01
2.523090000000000055e-01
2.577519999999999811e-01
2.617309999999999914e-01
2.666220000000000256e-01
2.707990000000000119e-01
2.753390000000000004e-01
2.785719999999999863e-01
2.823660000000000059e-01
2.851509999999999878e-01
2.886029999999999984e-01
2.913339999999999819e-01
2.947659999999999725e-01
2.968689999999999940e-01
3.003870000000000151e-01
3.053130000000000011e-01
3.072090000000000098e-01
3.100149999999999850e-01
3.118719999999999826e-01
3.134100000000000219e-01
3.144600000000000173e-01
3.167200000000000015e-01
3.183329999999999771e-01
3.191309999999999980e-01
3.201910000000000034e-01
3.208770000000000233e-01
3.226169999999999871e-01
3.231550000000000256e-01
3.245509999999999784e-01
3.250509999999999788e-01
3.257820000000000160e-01
3.257019999999999915e-01
3.265379999999999949e-01
3.273190000000000266e-01
3.277019999999999933e-01
3.208869999999999778e-01
3.219710000000000072e-01
3.234029999999999960e-01
3.234980000000000078e-01
3.247389999999999999e-01
3.259139999999999815e-01
3.272889999999999966e-01
3.267599999999999949e-01
3.292089999999999739e-01
3.293460000000000276e-01
3.319010000000000016e-01
3.324309999999999765e-01
3.328849999999999865e-01
3.349360000000000115e-01
3.361319999999999864e-01
3.372850000000000015e-01
3.396779999999999800e-01
3.405529999999999946e-01
3.417589999999999795e-01
3.442910000000000137e-01
3.459599999999999898e-01
3.479769999999999808e-01
3.487770000000000037e-01
3.507870000000000155e-01
3.534180000000000099e-01
3.559329999999999994e-01
3.569780000000000175e-01
3.593370000000000175e-01
3.606579999999999786e-01
3.632529999999999926e-01
3.646460000000000257e-01
3.660450000000000093e-01
3.687670000000000115e-01
3.708549999999999902e-01
3.723319999999999963e-01
3.744850000000000123e-01
3.761410000000000031e-01
3.779109999999999969e-01
3.789370000000000238e-01
3.812459999999999738e-01
3.826869999999999994e-01
3.837169999999999748e-01
3.854480000000000128e-01
3.863889999999999825e-01
3.880390000000000228e-01
3.893159999999999954e-01
3.916870000000000074e-01
3.921459999999999946e-01
3.935830000000000162e-01
3.942499999999999893e-01
3.956270000000000064e-01
3.970210000000000128e-01
3.977709999999999857e-01
3.990890000000000271e-01
3.994639999999999858e-01
4.010299999999999976e-01
4.024860000000000104e-01
4.037060000000000093e-01
4.041569999999999885e-01
4.051930000000000254e-01
4.055549999999999988e-01
4.066400000000000015e-01
4.074150000000000271e-01
4.083800000000000208e-01
4.088390000000000080e-01
4.089789999999999814e-01
4.105849999999999778e-01
4.104209999999999803e-01
4.113939999999999819e-01
4.123399999999999843e-01
4.122390000000000221e-01
4.127460000000000018e-01
4.121679999999999788e-01
4.129669999999999730e-01
4.131079999999999752e-01
4.119360000000000244e-01
4.122660000000000213e-01
4.116170000000000107e-01
4.107930000000000192e-01
4.099439999999999751e-01
4.087839999999999807e-01
4.066420000000000035e-01
4.040199999999999902e-01
4.036950000000000260e-01
4.019059999999999855e-01
4.001489999999999769e-01
3.989679999999999893e-01
3.980650000000000022e-01
3.961529999999999774e-01
3.943909999999999916e-01
3.925950000000000273e-01
3.912809999999999899e-01
3.900620000000000198e-01
3.880870000000000153e-01
3.866539999999999977e-01
3.840890000000000137e-01
3.828489999999999949e-01
3.806189999999999851e-01
3.791160000000000085e-01
3.769970000000000265e-01
3.744569999999999843e-01
3.734379999999999922e-01
3.710209999999999897e-01
3.693500000000000116e-01
3.674930000000000141e-01
3.669450000000000212e-01
3.660720000000000085e-01
3.654100000000000126e-01
3.647690000000000099e-01
3.636229999999999740e-01
3.636900000000000133e-01
3.646840000000000082e-01
3.652119999999999811e-01
3.662360000000000060e-01
3.662799999999999945e-01
3.683040000000000203e-01
3.696960000000000246e-01
3.709370000000000167e-01
3.733290000000000219e-01
3.739839999999999831e-01
3.763699999999999823e-01
3.782760000000000011e-01
3.799069999999999947e-01
3.816959999999999797e-01
3.834629999999999983e-01
3.844790000000000152e-01
3.864020000000000232e-01
3.883210000000000273e-01
3.885449999999999737e-01
3.902749999999999830e-01
3.921220000000000261e-01
3.925270000000000148e-01
3.939440000000000164e-01
3.938479999999999759e-01
3.954349999999999810e-01
3.961040000000000116e-01
3.964869999999999783e-01
3.971910000000000163e-01
3.973809999999999842e-01
3.982330000000000036e-01
3.986390000000000211e-01
3.990060000000000273e-01
3.992269999999999985e-01
3.993829999999999880e-01
3.996049999999999880e-01
3.989960000000000173e-01
3.998110000000000275e-01
4.000719999999999832e-01
4.006759999999999766e-01
3.995779999999999887e-01
3.991500000000000048e-01
3.992040000000000033e-01
3.990879999999999983e-01
3.993539999999999868e-01
3.986410000000000231e-01
3.986000000000000099e-01
3.980969999999999787e-01
3.975589999999999957e-01
3.971020000000000105e-01
3.964190000000000214e-01
3.953280000000000127e-01
3.943320000000000158e-01
3.937169999999999837e-01
3.937869999999999981e-01
3.925580000000000180e-01
3.913110000000000199e-01
3.908039999999999847e-01
3.898079999999999878e-01
3.898710000000000231e-01
3.882320000000000215e-01
3.871319999999999761e-01
3.865080000000000182e-01
3.858650000000000135e-01
3.843469999999999942e-01
3.827050000000000174e-01
3.802760000000000029e-01
3.787289999999999823e-01
3.768029999999999990e-01
3.758949999999999791e-01
3.727380000000000138e-01
3.712329999999999797e-01
3.692259999999999986e-01
3.669959999999999889e-01
3.672239999999999949e-01
3.648899999999999921e-01
3.639350000000000085e-01
3.632819999999999938e-01
3.625390000000000001e-01
3.613129999999999953e-01
3.608959999999999946e-01
3.601019999999999777e-01
3.596770000000000245e-01
3.582469999999999821e-01
3.573459999999999970e-01
3.571639999999999815e-01
3.564249999999999918e-01
3.553100000000000147e-01
3.548109999999999875e-01
3.538990000000000191e-01
3.523459999999999925e-01
3.526839999999999975e-01
3.505070000000000130e-01
3.508479999999999932e-01
3.499590000000000201e-01
3.501070000000000015e-01
3.483339999999999770e-01
3.482529999999999792e-01
3.480090000000000128e-01
3.461560000000000192e-01
3.469240000000000101e-01
3.454729999999999746e-01
3.447080000000000144e-01
3.438439999999999830e-01
3.431759999999999811e-01
3.418539999999999912e-01
3.409519999999999773e-01
3.406759999999999788e-01
3.400039999999999729e-01
3.389150000000000218e-01
3.381270000000000109e-01
3.371770000000000045e-01
3.372299999999999742e-01
3.359730000000000216e-01
3.350449999999999817e-01
3.339739999999999931e-01
3.329559999999999742e-01
3.316330000000000111e-01
3.305489999999999817e-01
3.292849999999999944e-01
3.291339999999999821e-01
3.279699999999999838e-01
3.264819999999999944e-01
3.256350000000000078e-01
3.243289999999999784e-01
3.239339999999999997e-01
3.222990000000000022e-01
3.215100000000000180e-01
3.215129999999999932e-01
3.192340000000000177e-01
3.174830000000000152e-01
3.173210000000000197e-01
3.166709999999999803e-01
3.153659999999999797e-01
3.148009999999999975e-01
3.142179999999999973e-01
3.136809999999999876e-01
3.128850000000000242e-01
3.103940000000000032e-01
3.099169999999999980e-01
3.078529999999999878e-01
