6.800960000000000338e-02
6.559310000000000140e-02
6.360140000000000238e-02
6.078200000000000269e-02
5.880830000000000085e-02
5.605999999999999872e-02
5.355089999999999850e-02
5.119049999999999989e-02
4.901319999999999982e-02
4.670080000000000064e-02
4.475880000000000136e-02
4.266419999999999935e-02
4.077209999999999862e-02
3.899770000000000320e-02
3.746170000000000055e-02
3.604109999999999953e-02
3.484389999999999710e-02
3.375739999999999991e-02
3.252820000000000017e-02
3.169589999999999907e-02
3.096540000000000056e-02
3.025840000000000127e-02
2.965709999999999874e-02
2.927379999999999913e-02
2.894669999999999882e-02
2.875110000000000166e-02
2.869760000000000019e-02
2.882339999999999902e-02
2.909979999999999858e-02
2.952259999999999954e-02
2.978159999999999835e-02
2.992950000000000124e-02
3.065249999999999919e-02
3.096310000000000034e-02
3.154579999999999884e-02
3.204610000000000097e-02
3.243940000000000018e-02
3.285740000000000188e-02
3.318209999999999910e-02
3.340810000000000307e-02
3.383490000000000109e-02
3.413719999999999949e-02
3.409720000000000112e-02
3.407849999999999768e-02
3.413530000000000036e-02
3.384390000000000315e-02
3.334009999999999752e-02
3.299389999999999962e-02
3.242069999999999674e-02
3.171179999999999832e-02
3.086699999999999861e-02
3.021149999999999877e-02
2.978980000000000170e-02
2.890619999999999995e-02
2.813819999999999863e-02
2.806039999999999923e-02
2.757029999999999897e-02
2.778680000000000039e-02
2.788349999999999856e-02
2.872740000000000016e-02
2.960039999999999893e-02
3.132499999999999868e-02
3.304689999999999711e-02
3.557330000000000214e-02
3.846179999999999738e-02
4.160509999999999903e-02
4.581989999999999674e-02
4.981420000000000292e-02
5.487290000000000223e-02
5.980810000000000293e-02
6.540260000000000518e-02
7.106679999999999942e-02
7.744669999999999332e-02
8.381099999999999661e-02
9.035340000000000038e-02
9.729939999999999423e-02
1.042809999999999987e-01
1.117210000000000009e-01
1.196959999999999968e-01
1.268809999999999938e-01
1.351310000000000011e-01
1.434179999999999899e-01
1.514739999999999975e-01
1.597379999999999911e-01
1.684190000000000131e-01
1.755859999999999921e-01
1.843549999999999911e-01
1.907550000000000079e-01
1.987909999999999955e-01
2.067330000000000001e-01
2.141470000000000040e-01
2.210749999999999937e-01
2.284710000000000074e-01
2.340830000000000133e-01
2.405249999999999888e-01
2.463009999999999922e-01
2.520680000000000143e-01
2.582539999999999836e-01
2.629610000000000003e-01
2.671680000000000166e-01
2.721979999999999955e-01
2.767299999999999760e-01
2.802549999999999764e-01
2.840860000000000052e-01
2.883830000000000005e-01
2.913290000000000046e-01
2.948830000000000062e-01
2.979999999999999871e-01
3.008350000000000191e-01
3.037730000000000152e-01
3.063319999999999932e-01
3.120809999999999973e-01
3.141729999999999801e-01
3.159279999999999866e-01
3.177470000000000017e-01
3.202209999999999779e-01
3.219969999999999777e-01
3.240259999999999807e-01
3.247559999999999891e-01
3.256470000000000198e-01
3.266399999999999859e-01
3.280870000000000175e-01
3.289969999999999839e-01
3.295179999999999776e-01
3.305069999999999952e-01
3.310980000000000034e-01
3.313599999999999879e-01
3.317120000000000068e-01
3.330099999999999727e-01
3.333699999999999997e-01
3.333369999999999944e-01
3.266709999999999892e-01
3.275580000000000158e-01
3.283349999999999880e-01
3.290919999999999956e-01
3.307669999999999777e-01
3.318260000000000098e-01
3.328340000000000187e-01
3.334889999999999799e-01
3.342120000000000091e-01
3.361460000000000004e-01
3.369770000000000265e-01
3.380679999999999796e-01
3.386399999999999966e-01
3.411790000000000100e-01
3.420079999999999787e-01
3.428979999999999806e-01
3.448069999999999746e-01
3.457250000000000045e-01
3.476360000000000006e-01
3.494800000000000129e-01
3.512250000000000094e-01
3.523540000000000005e-01
3.545209999999999750e-01
3.562899999999999956e-01
3.586610000000000076e-01
3.612349999999999728e-01
3.623910000000000187e-01
3.655780000000000141e-01
3.671289999999999831e-01
3.692819999999999991e-01
3.715019999999999989e-01
3.741329999999999933e-01
3.763199999999999878e-01
3.784330000000000194e-01
3.803469999999999906e-01
3.822130000000000249e-01
3.848570000000000046e-01
3.872849999999999904e-01
3.886700000000000155e-01
3.905429999999999735e-01
3.924150000000000138e-01
3.945230000000000126e-01
3.957149999999999834e-01
3.980719999999999814e-01
3.999240000000000017e-01
4.009739999999999971e-01
4.023169999999999802e-01
4.035020000000000273e-01
4.050940000000000096e-01
4.061779999999999835e-01
4.063809999999999922e-01
4.078350000000000031e-01
4.087770000000000015e-01
4.101360000000000006e-01
4.107439999999999980e-01
4.120849999999999791e-01
4.114979999999999749e-01
4.125650000000000150e-01
4.136460000000000137e-01
4.145179999999999976e-01
4.147879999999999900e-01
4.151560000000000250e-01
4.158240000000000269e-01
4.157589999999999897e-01
4.157600000000000184e-01
4.163740000000000219e-01
4.162649999999999961e-01
4.164059999999999984e-01
4.159499999999999864e-01
4.166819999999999968e-01
4.165699999999999958e-01
4.162790000000000101e-01
4.156630000000000047e-01
4.151719999999999855e-01
4.146250000000000213e-01
4.127270000000000105e-01
4.121259999999999923e-01
4.110210000000000252e-01
4.093769999999999909e-01
4.077029999999999821e-01
4.053340000000000276e-01
4.040569999999999995e-01
4.016170000000000018e-01
3.995020000000000238e-01
3.978070000000000217e-01
3.956999999999999962e-01
3.933010000000000117e-01
3.926169999999999938e-01
3.898119999999999918e-01
3.873159999999999936e-01
3.851879999999999749e-01
3.826089999999999769e-01
3.809549999999999881e-01
3.789819999999999856e-01
3.762249999999999761e-01
3.735749999999999904e-01
3.711050000000000182e-01
3.693150000000000044e-01
3.661619999999999875e-01
3.638910000000000200e-01
3.609499999999999931e-01
3.594820000000000237e-01
3.569990000000000108e-01
3.547489999999999810e-01
3.532830000000000137e-01
3.513290000000000024e-01
3.490900000000000114e-01
3.479059999999999930e-01
3.472009999999999819e-01
3.469820000000000126e-01
3.461480000000000112e-01
3.464220000000000077e-01
3.473109999999999808e-01
3.481870000000000243e-01
3.489399999999999724e-01
3.513009999999999744e-01
3.536659999999999804e-01
3.563040000000000096e-01
3.587589999999999946e-01
3.617070000000000007e-01
3.644589999999999774e-01
3.677030000000000021e-01
3.708569999999999922e-01
3.729950000000000210e-01
3.743730000000000113e-01
3.773360000000000047e-01
3.800520000000000009e-01
3.819279999999999897e-01
3.831600000000000006e-01
3.850899999999999879e-01
3.869369999999999754e-01
3.880970000000000253e-01
3.889349999999999752e-01
3.898960000000000203e-01
3.909679999999999822e-01
3.915699999999999736e-01
3.924360000000000070e-01
3.929860000000000020e-01
3.930359999999999965e-01
3.936350000000000127e-01
3.943420000000000258e-01
3.935350000000000237e-01
3.943110000000000226e-01
3.941439999999999944e-01
3.948550000000000115e-01
3.939770000000000216e-01
3.938889999999999891e-01
3.937300000000000244e-01
3.934549999999999992e-01
3.927979999999999805e-01
3.930939999999999990e-01
3.926310000000000078e-01
3.919799999999999951e-01
3.910980000000000012e-01
3.903679999999999928e-01
3.895859999999999879e-01
3.897990000000000066e-01
3.881549999999999723e-01
3.867349999999999954e-01
3.858190000000000230e-01
3.849230000000000151e-01
3.840859999999999830e-01
3.830689999999999928e-01
3.818259999999999987e-01
3.808389999999999831e-01
3.794739999999999780e-01
3.790709999999999913e-01
3.771720000000000073e-01
3.766300000000000203e-01
3.750109999999999832e-01
3.735700000000000132e-01
3.727929999999999855e-01
3.706980000000000275e-01
3.692360000000000086e-01
3.679850000000000065e-01
3.655129999999999768e-01
3.641550000000000065e-01
3.618000000000000105e-01
3.599010000000000264e-01
3.585479999999999778e-01
3.565610000000000168e-01
3.543109999999999871e-01
3.534269999999999912e-01
3.527629999999999932e-01
3.515159999999999951e-01
3.503029999999999755e-01
3.500820000000000043e-01
3.495360000000000134e-01
3.488999999999999879e-01
3.481060000000000265e-01
3.471049999999999969e-01
3.473129999999999828e-01
3.471639999999999726e-01
3.461440000000000072e-01
3.462230000000000030e-01
3.449639999999999929e-01
3.440010000000000012e-01
3.433720000000000105e-01
3.429809999999999803e-01
3.424180000000000001e-01
3.425420000000000131e-01
3.412629999999999830e-01
3.403769999999999851e-01
3.397279999999999744e-01
3.383900000000000241e-01
3.381970000000000254e-01
3.373450000000000060e-01
3.360119999999999774e-01
3.359779999999999989e-01
3.349260000000000015e-01
3.341419999999999946e-01
3.335779999999999856e-01
3.331430000000000224e-01
3.312890000000000001e-01
3.293869999999999854e-01
3.293559999999999821e-01
3.268079999999999874e-01
3.264099999999999779e-01
3.238090000000000135e-01
3.236539999999999973e-01
3.215649999999999897e-01
3.201620000000000021e-01
3.187929999999999930e-01
3.170259999999999745e-01
3.149429999999999730e-01
3.133500000000000174e-01
3.103899999999999992e-01
3.090249999999999941e-01
3.065990000000000104e-01
3.040180000000000105e-01
3.022219999999999906e-01
2.991050000000000098e-01
2.963470000000000271e-01
2.937890000000000224e-01
2.912009999999999876e-01
2.890860000000000096e-01
2.851150000000000073e-01
2.829889999999999906e-01
2.795150000000000134e-01
2.754269999999999774e-01
2.734070000000000111e-01
2.701319999999999832e-01
2.672050000000000258e-01
2.657490000000000130e-01
2.623820000000000041e-01
2.611149999999999860e-01
2.589400000000000035e-01
2.562539999999999818e-01
2.539270000000000138e-01
2.525299999999999767e-01
