2.025460000000000108e-02
1.919830000000000148e-02
1.838230000000000072e-02
1.743600000000000011e-02
1.647339999999999915e-02
1.558060000000000000e-02
1.471839999999999954e-02
1.383020000000000083e-02
1.290730000000000002e-02
1.220730000000000079e-02
1.145909999999999984e-02
1.099020000000000032e-02
1.039980000000000071e-02
9.837540000000000520e-03
9.304909999999999570e-03
8.957440000000000541e-03
8.646219999999999600e-03
8.317849999999999897e-03
8.055629999999999388e-03
7.846459999999999546e-03
7.635049999999999996e-03
7.518219999999999938e-03
7.374490000000000038e-03
7.409800000000000240e-03
7.335509999999999947e-03
7.399959999999999698e-03
7.450440000000000014e-03
7.522739999999999982e-03
7.623310000000000329e-03
7.764120000000000223e-03
7.859200000000000214e-03
8.115449999999999747e-03
8.330759999999999554e-03
8.615569999999999479e-03
8.817999999999999450e-03
9.074840000000000684e-03
9.289669999999999872e-03
9.342450000000000407e-03
9.588779999999999873e-03
9.578349999999999365e-03
9.762399999999999203e-03
9.724309999999999898e-03
9.844129999999999547e-03
9.624769999999999506e-03
9.633400000000000296e-03
9.516850000000000309e-03
9.242399999999999574e-03
8.977769999999999501e-03
8.816229999999999553e-03
8.434499999999999290e-03
8.177290000000000253e-03
7.849170000000000799e-03
7.520139999999999811e-03
7.307560000000000271e-03
6.935150000000000169e-03
6.852819999999999918e-03
6.672400000000000206e-03
6.705290000000000035e-03
6.651319999999999628e-03
6.916839999999999621e-03
7.147839999999999923e-03
7.545819999999999958e-03
8.083379999999999385e-03
8.908289999999999265e-03
9.807609999999999592e-03
1.088360000000000022e-02
1.237740000000000021e-02
1.404249999999999943e-02
1.603709999999999858e-02
1.824030000000000096e-02
2.073010000000000130e-02
2.347669999999999965e-02
2.678209999999999966e-02
3.021770000000000012e-02
3.380879999999999996e-02
3.755220000000000086e-02
4.216650000000000259e-02
4.609060000000000240e-02
5.081360000000000043e-02
5.577239999999999975e-02
6.082139999999999769e-02
6.577479999999999438e-02
7.160829999999999973e-02
7.699000000000000288e-02
8.291370000000000684e-02
8.834390000000000298e-02
9.400479999999999947e-02
9.862640000000000295e-02
1.048960000000000031e-01
1.098390000000000061e-01
1.161049999999999999e-01
1.210539999999999949e-01
1.264500000000000068e-01
1.313269999999999993e-01
1.366090000000000082e-01
1.414559999999999984e-01
1.459870000000000057e-01
1.505460000000000131e-01
1.550429999999999864e-01
1.592050000000000132e-01
1.632000000000000117e-01
1.672220000000000095e-01
1.709489999999999899e-01
1.741479999999999972e-01
1.778019999999999878e-01
1.803500000000000103e-01
1.838680000000000037e-01
1.867159999999999931e-01
1.895509999999999973e-01
1.920840000000000047e-01
1.943689999999999862e-01
1.993779999999999997e-01
2.025619999999999921e-01
2.042589999999999961e-01
2.059020000000000017e-01
2.082559999999999967e-01
2.094530000000000003e-01
2.111119999999999941e-01
2.124759999999999982e-01
2.138120000000000021e-01
2.152310000000000056e-01
2.165630000000000055e-01
2.172699999999999909e-01
2.177040000000000086e-01
2.189389999999999947e-01
2.195070000000000077e-01
2.197919999999999874e-01
2.197369999999999879e-01
2.205689999999999873e-01
2.212729999999999975e-01
2.217899999999999872e-01
2.154949999999999921e-01
2.171690000000000009e-01
2.175839999999999996e-01
2.187820000000000042e-01
2.195419999999999872e-01
2.210989999999999900e-01
2.219470000000000054e-01
2.221309999999999951e-01
2.240630000000000122e-01
2.239009999999999889e-01
2.248970000000000136e-01
2.267049999999999899e-01
2.279690000000000050e-01
2.283000000000000029e-01
2.294519999999999893e-01
2.308000000000000052e-01
2.327239999999999864e-01
2.346840000000000037e-01
2.356360000000000121e-01
2.364410000000000123e-01
2.384179999999999910e-01
2.399169999999999914e-01
2.413470000000000060e-01
2.430759999999999865e-01
2.451679999999999970e-01
2.465940000000000076e-01
2.481939999999999980e-01
2.500109999999999832e-01
2.515450000000000186e-01
2.539969999999999728e-01
2.546169999999999822e-01
2.569480000000000097e-01
2.594369999999999732e-01
2.607300000000000173e-01
2.621780000000000221e-01
2.642550000000000177e-01
2.664159999999999862e-01
2.677880000000000260e-01
2.697669999999999790e-01
2.719150000000000178e-01
2.725440000000000085e-01
2.741509999999999780e-01
2.763979999999999770e-01
2.778269999999999906e-01
2.796980000000000022e-01
2.796190000000000064e-01
2.809719999999999995e-01
2.817080000000000140e-01
2.825019999999999754e-01
2.836529999999999885e-01
2.845659999999999856e-01
2.855340000000000100e-01
2.865260000000000029e-01
2.859430000000000027e-01
2.875989999999999935e-01
2.881529999999999925e-01
2.880730000000000235e-01
2.883419999999999872e-01
2.886210000000000164e-01
2.885980000000000212e-01
2.895710000000000228e-01
2.897569999999999868e-01
2.894720000000000071e-01
2.899140000000000050e-01
2.896699999999999831e-01
2.895369999999999888e-01
2.898259999999999725e-01
2.896340000000000026e-01
2.891750000000000154e-01
2.889280000000000181e-01
2.890860000000000096e-01
2.882600000000000162e-01
2.881210000000000160e-01
2.877330000000000165e-01
2.866349999999999731e-01
2.863740000000000174e-01
2.850500000000000256e-01
2.836650000000000005e-01
2.828740000000000143e-01
2.816500000000000115e-01
2.790540000000000243e-01
2.776480000000000059e-01
2.755920000000000036e-01
2.745560000000000223e-01
2.724530000000000007e-01
2.704810000000000270e-01
2.693760000000000043e-01
2.672959999999999781e-01
2.655970000000000275e-01
2.639190000000000147e-01
2.616419999999999857e-01
2.605450000000000266e-01
2.583820000000000006e-01
2.561329999999999996e-01
2.552829999999999822e-01
2.527039999999999842e-01
2.510189999999999921e-01
2.498080000000000023e-01
2.473779999999999868e-01
2.454479999999999995e-01
2.440180000000000127e-01
2.419000000000000039e-01
2.398790000000000089e-01
2.384380000000000110e-01
2.366330000000000100e-01
2.359040000000000026e-01
2.347150000000000070e-01
2.334219999999999906e-01
2.331380000000000119e-01
2.327740000000000087e-01
2.316819999999999991e-01
2.319559999999999955e-01
2.321830000000000005e-01
2.320929999999999938e-01
2.323780000000000012e-01
2.332329999999999959e-01
2.337500000000000133e-01
2.347499999999999865e-01
2.352859999999999951e-01
2.365240000000000120e-01
2.377440000000000109e-01
2.381469999999999976e-01
2.395430000000000059e-01
2.403530000000000111e-01
2.412469999999999892e-01
2.418939999999999979e-01
2.425279999999999936e-01
2.429649999999999865e-01
2.436190000000000022e-01
2.440180000000000127e-01
2.442600000000000049e-01
2.449490000000000001e-01
2.454770000000000008e-01
2.453930000000000000e-01
2.458940000000000015e-01
2.456170000000000020e-01
2.463660000000000017e-01
2.461820000000000119e-01
2.457310000000000050e-01
2.458359999999999990e-01
2.452380000000000115e-01
2.458079999999999987e-01
2.451740000000000030e-01
2.450390000000000068e-01
2.446119999999999961e-01
2.443940000000000001e-01
2.439340000000000119e-01
2.431039999999999868e-01
2.427980000000000138e-01
2.424379999999999868e-01
2.418150000000000022e-01
2.416550000000000087e-01
2.410710000000000075e-01
2.402140000000000108e-01
2.398139999999999994e-01
2.395299999999999929e-01
2.389680000000000137e-01
2.378200000000000036e-01
2.371729999999999949e-01
2.367789999999999895e-01
2.356509999999999994e-01
2.349080000000000057e-01
2.335629999999999928e-01
2.326830000000000009e-01
2.328079999999999872e-01
2.314650000000000041e-01
2.303699999999999914e-01
2.296499999999999930e-01
2.286799999999999944e-01
2.280830000000000080e-01
2.270540000000000058e-01
2.258729999999999905e-01
2.249339999999999951e-01
2.238310000000000022e-01
2.229559999999999875e-01
2.208789999999999920e-01
2.197969999999999924e-01
2.171190000000000064e-01
2.169939999999999924e-01
2.152499999999999969e-01
2.140529999999999933e-01
2.125249999999999917e-01
2.107060000000000044e-01
2.100720000000000087e-01
2.085789999999999866e-01
2.078579999999999872e-01
2.069149999999999878e-01
2.063609999999999889e-01
2.053149999999999975e-01
2.041389999999999871e-01
2.039040000000000019e-01
2.034110000000000085e-01
2.023510000000000031e-01
2.021380000000000121e-01
2.015639999999999932e-01
2.006650000000000100e-01
2.002809999999999868e-01
1.987639999999999962e-01
1.983199999999999963e-01
1.981060000000000043e-01
1.969140000000000057e-01
1.962200000000000055e-01
1.957959999999999978e-01
1.948960000000000137e-01
1.944529999999999870e-01
1.939329999999999943e-01
1.932639999999999914e-01
1.924970000000000014e-01
1.922129999999999950e-01
1.912629999999999886e-01
1.900159999999999905e-01
1.896400000000000030e-01
1.894029999999999880e-01
1.890259999999999996e-01
1.882290000000000074e-01
1.876480000000000092e-01
1.865390000000000104e-01
1.864099999999999924e-01
1.850690000000000113e-01
1.847129999999999883e-01
1.845749999999999891e-01
1.837070000000000092e-01
1.831780000000000075e-01
1.822689999999999866e-01
1.810630000000000017e-01
1.809630000000000127e-01
1.797839999999999994e-01
1.788760000000000072e-01
1.789910000000000112e-01
1.778450000000000031e-01
1.775509999999999866e-01
1.762819999999999943e-01
1.753609999999999891e-01
1.745569999999999899e-01
1.741570000000000062e-01
1.736169999999999936e-01
1.729080000000000061e-01
1.723919999999999897e-01
1.714729999999999865e-01
1.702400000000000024e-01
1.697269999999999890e-01
1.691709999999999881e-01
1.689950000000000063e-01
1.678920000000000134e-01
1.673419999999999908e-01
1.669279999999999931e-01
1.664219999999999866e-01
1.657849999999999879e-01
1.646060000000000023e-01
1.636400000000000077e-01
