3.293270000000000225e-02
3.157770000000000021e-02
2.970659999999999967e-02
2.834889999999999979e-02
2.710160000000000000e-02
2.531800000000000023e-02
2.415930000000000161e-02
2.251420000000000157e-02
2.123059999999999878e-02
1.981660000000000019e-02
1.889379999999999879e-02
1.793080000000000021e-02
1.709290000000000115e-02
1.628140000000000143e-02
1.548259999999999914e-02
1.488689999999999979e-02
1.417520000000000065e-02
1.361270000000000015e-02
1.327230000000000076e-02
1.290080000000000046e-02
1.263889999999999979e-02
1.245650000000000056e-02
1.213479999999999941e-02
1.207659999999999983e-02
1.197609999999999994e-02
1.202119999999999925e-02
1.215049999999999984e-02
1.233060000000000059e-02
1.244469999999999951e-02
1.275169999999999949e-02
1.313369999999999989e-02
1.334190000000000029e-02
1.384230000000000009e-02
1.410649999999999925e-02
1.448170000000000013e-02
1.483729999999999945e-02
1.523230000000000070e-02
1.545690000000000085e-02
1.573820000000000080e-02
1.603179999999999883e-02
1.605770000000000114e-02
1.609959999999999863e-02
1.600089999999999846e-02
1.603450000000000014e-02
1.586409999999999904e-02
1.550630000000000064e-02
1.528039999999999954e-02
1.485679999999999987e-02
1.434780000000000083e-02
1.402190000000000034e-02
1.336730000000000036e-02
1.281099999999999947e-02
1.228689999999999991e-02
1.185109999999999983e-02
1.144260000000000069e-02
1.111930000000000036e-02
1.083190000000000021e-02
1.088929999999999933e-02
1.087420000000000053e-02
1.137720000000000051e-02
1.171890000000000084e-02
1.253680000000000072e-02
1.317660000000000012e-02
1.451320000000000041e-02
1.619920000000000040e-02
1.806920000000000054e-02
2.043889999999999943e-02
2.323039999999999827e-02
2.622350000000000028e-02
2.950790000000000010e-02
3.376400000000000234e-02
3.781509999999999733e-02
4.284609999999999808e-02
4.760249999999999898e-02
5.315609999999999780e-02
5.880760000000000154e-02
6.500709999999999822e-02
7.086230000000000306e-02
7.774680000000000479e-02
8.386250000000000648e-02
9.095530000000000281e-02
9.749729999999999508e-02
1.052040000000000058e-01
1.120960000000000012e-01
1.196600000000000025e-01
1.264419999999999988e-01
1.344339999999999979e-01
1.393429999999999946e-01
1.466810000000000058e-01
1.530650000000000066e-01
1.597520000000000051e-01
1.669599999999999973e-01
1.736060000000000103e-01
1.791190000000000004e-01
1.853950000000000042e-01
1.905260000000000009e-01
1.960020000000000095e-01
2.009990000000000110e-01
2.068869999999999876e-01
2.111770000000000036e-01
2.162949999999999873e-01
2.202060000000000128e-01
2.247149999999999981e-01
2.284229999999999872e-01
2.322450000000000070e-01
2.355389999999999984e-01
2.396419999999999939e-01
2.430690000000000073e-01
2.453680000000000028e-01
2.487729999999999941e-01
2.516280000000000183e-01
2.572999999999999732e-01
2.597630000000000217e-01
2.613500000000000267e-01
2.642019999999999924e-01
2.661540000000000017e-01
2.678579999999999850e-01
2.697249999999999925e-01
2.704630000000000090e-01
2.726999999999999980e-01
2.735759999999999859e-01
2.750909999999999744e-01
2.765070000000000028e-01
2.768419999999999770e-01
2.776109999999999967e-01
2.780150000000000121e-01
2.788280000000000203e-01
2.789340000000000153e-01
2.798379999999999757e-01
2.802470000000000239e-01
2.810759999999999925e-01
2.745369999999999755e-01
2.760040000000000271e-01
2.764849999999999808e-01
2.779360000000000164e-01
2.787950000000000150e-01
2.802069999999999839e-01
2.815759999999999930e-01
2.818939999999999779e-01
2.834130000000000260e-01
2.837120000000000197e-01
2.855900000000000105e-01
2.857049999999999867e-01
2.877609999999999890e-01
2.883820000000000272e-01
2.899379999999999735e-01
2.906960000000000099e-01
2.927830000000000155e-01
2.944080000000000030e-01
2.961409999999999876e-01
2.974999999999999867e-01
2.993250000000000077e-01
3.003370000000000206e-01
3.022279999999999966e-01
3.043919999999999959e-01
3.054700000000000193e-01
3.075789999999999913e-01
3.094390000000000196e-01
3.116550000000000153e-01
3.140310000000000046e-01
3.144540000000000113e-01
3.171340000000000270e-01
3.192630000000000190e-01
3.205609999999999848e-01
3.227659999999999973e-01
3.254580000000000251e-01
3.263519999999999754e-01
3.281580000000000052e-01
3.303110000000000213e-01
3.326120000000000188e-01
3.341990000000000238e-01
3.354679999999999884e-01
3.372959999999999847e-01
3.388709999999999778e-01
3.400949999999999807e-01
3.416790000000000105e-01
3.426609999999999934e-01
3.442549999999999777e-01
3.451449999999999796e-01
3.460449999999999915e-01
3.468979999999999841e-01
3.480360000000000120e-01
3.484539999999999860e-01
3.493160000000000154e-01
3.494700000000000029e-01
3.499849999999999905e-01
3.517049999999999899e-01
3.507939999999999947e-01
3.518189999999999928e-01
3.527649999999999952e-01
3.530249999999999777e-01
3.524439999999999795e-01
3.525469999999999993e-01
3.528669999999999862e-01
3.535730000000000262e-01
3.536679999999999824e-01
3.528649999999999842e-01
3.536980000000000124e-01
3.531790000000000207e-01
3.534019999999999939e-01
3.524019999999999930e-01
3.513200000000000212e-01
3.519369999999999998e-01
3.507629999999999915e-01
3.509240000000000137e-01
3.501380000000000048e-01
3.495699999999999918e-01
3.474729999999999763e-01
3.468260000000000232e-01
3.459420000000000273e-01
3.438919999999999755e-01
3.428220000000000156e-01
3.409980000000000233e-01
3.394989999999999952e-01
3.372029999999999750e-01
3.351379999999999915e-01
3.333579999999999877e-01
3.306540000000000035e-01
3.298969999999999958e-01
3.279560000000000253e-01
3.256919999999999815e-01
3.240730000000000000e-01
3.227430000000000021e-01
3.204029999999999934e-01
3.187929999999999930e-01
3.168110000000000093e-01
3.150350000000000095e-01
3.125200000000000200e-01
3.106129999999999725e-01
3.088130000000000042e-01
3.076789999999999803e-01
3.046320000000000139e-01
3.028379999999999961e-01
3.011190000000000255e-01
2.994689999999999852e-01
2.979069999999999774e-01
2.962119999999999753e-01
2.948680000000000190e-01
2.941150000000000153e-01
2.924820000000000197e-01
2.929709999999999814e-01
2.924729999999999830e-01
2.922620000000000218e-01
2.927350000000000230e-01
2.926270000000000260e-01
2.923580000000000068e-01
2.936759999999999926e-01
2.936739999999999906e-01
2.950519999999999810e-01
2.963830000000000076e-01
2.971889999999999810e-01
2.977870000000000239e-01
2.989379999999999815e-01
3.004550000000000276e-01
3.007050000000000001e-01
3.011449999999999960e-01
3.023970000000000269e-01
3.034729999999999928e-01
3.042329999999999757e-01
3.049020000000000064e-01
3.050350000000000006e-01
3.057420000000000138e-01
3.056280000000000108e-01
3.062799999999999967e-01
3.066559999999999842e-01
3.075470000000000148e-01
3.074189999999999978e-01
3.072079999999999811e-01
3.071699999999999986e-01
3.069100000000000161e-01
3.069029999999999814e-01
3.064910000000000134e-01
3.062929999999999819e-01
3.061679999999999957e-01
3.057790000000000230e-01
3.060869999999999980e-01
3.059660000000000157e-01
3.050039999999999973e-01
3.045470000000000121e-01
3.044979999999999909e-01
3.033120000000000260e-01
3.026429999999999954e-01
3.032940000000000080e-01
3.019120000000000137e-01
3.013370000000000215e-01
3.015010000000000190e-01
3.005639999999999978e-01
2.996329999999999827e-01
2.992279999999999940e-01
2.979979999999999851e-01
2.963000000000000078e-01
2.953819999999999779e-01
2.953729999999999967e-01
2.940099999999999936e-01
2.931230000000000224e-01
2.924300000000000233e-01
2.921050000000000035e-01
2.905820000000000070e-01
2.893089999999999828e-01
2.885900000000000132e-01
2.871150000000000091e-01
2.866929999999999756e-01
2.856589999999999963e-01
2.853609999999999758e-01
2.828999999999999848e-01
2.817790000000000017e-01
2.803010000000000224e-01
2.788490000000000135e-01
2.775039999999999729e-01
2.755150000000000099e-01
2.741199999999999748e-01
2.726250000000000062e-01
2.707879999999999732e-01
2.695839999999999903e-01
2.685790000000000122e-01
2.671270000000000033e-01
2.659590000000000010e-01
2.656979999999999897e-01
2.645299999999999874e-01
2.638300000000000090e-01
2.627289999999999903e-01
2.613409999999999900e-01
2.611220000000000208e-01
2.597200000000000064e-01
2.588340000000000085e-01
2.591160000000000130e-01
2.580169999999999964e-01
2.575370000000000159e-01
2.559640000000000248e-01
2.560890000000000111e-01
2.545459999999999945e-01
2.547139999999999960e-01
2.533070000000000044e-01
2.523119999999999807e-01
2.520439999999999903e-01
2.511820000000000164e-01
2.501889999999999947e-01
2.498269999999999935e-01
2.495829999999999993e-01
2.484389999999999932e-01
2.476109999999999978e-01
2.469109999999999916e-01
2.463859999999999939e-01
2.454449999999999965e-01
2.451049999999999895e-01
2.440819999999999934e-01
2.439290000000000069e-01
2.426439999999999986e-01
2.426599999999999868e-01
2.407289999999999985e-01
2.407849999999999990e-01
2.396409999999999929e-01
2.392859999999999987e-01
2.382299999999999973e-01
2.372390000000000054e-01
2.362900000000000000e-01
2.359439999999999871e-01
2.351749999999999952e-01
2.342039999999999955e-01
2.334400000000000086e-01
2.322929999999999995e-01
2.316570000000000018e-01
2.306439999999999879e-01
2.293489999999999973e-01
2.289009999999999934e-01
2.279849999999999932e-01
2.277000000000000135e-01
2.270979999999999943e-01
2.264899999999999969e-01
2.254130000000000023e-01
2.242010000000000114e-01
2.231700000000000073e-01
2.230499999999999983e-01
2.220870000000000066e-01
2.214919999999999944e-01
2.212000000000000077e-01
2.208900000000000030e-01
2.194820000000000104e-01
2.186599999999999933e-01
2.181099999999999983e-01
2.167910000000000115e-01
