4.577629999999999894e-02
4.364819999999999811e-02
4.187699999999999756e-02
3.976049999999999723e-02
3.794700000000000156e-02
3.566049999999999776e-02
3.372730000000000172e-02
3.194249999999999867e-02
3.025279999999999983e-02
2.848629999999999912e-02
2.700239999999999932e-02
2.549790000000000043e-02
2.430560000000000012e-02
2.302260000000000070e-02
2.203779999999999975e-02
2.116449999999999929e-02
2.029339999999999963e-02
1.939470000000000083e-02
1.897570000000000159e-02
1.838959999999999900e-02
1.797440000000000149e-02
1.762760000000000021e-02
1.737599999999999908e-02
1.727010000000000003e-02
1.727309999999999957e-02
1.732629999999999934e-02
1.731840000000000115e-02
1.743940000000000073e-02
1.789429999999999840e-02
1.823730000000000143e-02
1.888209999999999888e-02
1.912830000000000086e-02
1.965089999999999892e-02
2.017849999999999852e-02
2.058470000000000091e-02
2.114759999999999904e-02
2.161820000000000061e-02
2.197829999999999923e-02
2.231270000000000128e-02
2.252809999999999882e-02
2.275570000000000023e-02
2.301279999999999992e-02
2.296600000000000030e-02
2.283939999999999929e-02
2.268689999999999943e-02
2.238050000000000109e-02
2.160919999999999855e-02
2.133530000000000149e-02
2.060230000000000047e-02
1.988030000000000005e-02
1.916659999999999892e-02
1.847199999999999884e-02
1.761609999999999912e-02
1.693259999999999904e-02
1.629859999999999989e-02
1.602150000000000102e-02
1.555070000000000063e-02
1.562200000000000047e-02
1.556369999999999976e-02
1.611999999999999891e-02
1.669009999999999938e-02
1.782059999999999894e-02
1.903029999999999999e-02
2.102390000000000161e-02
2.287650000000000100e-02
2.564069999999999891e-02
2.892969999999999917e-02
3.261510000000000103e-02
3.685999999999999693e-02
4.128559999999999869e-02
4.680480000000000057e-02
5.199340000000000211e-02
5.859000000000000319e-02
6.444640000000000091e-02
7.162090000000000123e-02
7.867730000000000556e-02
8.651340000000000419e-02
9.334530000000000605e-02
1.018170000000000047e-01
1.096179999999999932e-01
1.174430000000000057e-01
1.258080000000000032e-01
1.342730000000000035e-01
1.422150000000000081e-01
1.508950000000000014e-01
1.587610000000000132e-01
1.670770000000000033e-01
1.740359999999999963e-01
1.812070000000000070e-01
1.889609999999999901e-01
1.965439999999999965e-01
2.035500000000000087e-01
2.113170000000000048e-01
2.172719999999999929e-01
2.245169999999999944e-01
2.298630000000000118e-01
2.362150000000000083e-01
2.416929999999999912e-01
2.472050000000000081e-01
2.520609999999999795e-01
2.572459999999999747e-01
2.618679999999999897e-01
2.660049999999999915e-01
2.702829999999999955e-01
2.747760000000000202e-01
2.783100000000000018e-01
2.817450000000000232e-01
2.855639999999999845e-01
2.889189999999999814e-01
2.912710000000000021e-01
2.950949999999999962e-01
3.007710000000000106e-01
3.038870000000000182e-01
3.055339999999999723e-01
3.088049999999999962e-01
3.099689999999999945e-01
3.118989999999999818e-01
3.140140000000000153e-01
3.147490000000000010e-01
3.170029999999999792e-01
3.182710000000000261e-01
3.196160000000000112e-01
3.204000000000000181e-01
3.213829999999999742e-01
3.222889999999999922e-01
3.226890000000000036e-01
3.232070000000000221e-01
3.235339999999999883e-01
3.240870000000000140e-01
3.256260000000000265e-01
3.250580000000000136e-01
3.188199999999999923e-01
3.207229999999999803e-01
3.212149999999999728e-01
3.224000000000000199e-01
3.234040000000000248e-01
3.245720000000000272e-01
3.260009999999999852e-01
3.262630000000000252e-01
3.277399999999999758e-01
3.278929999999999900e-01
3.304159999999999875e-01
3.305230000000000112e-01
3.319389999999999841e-01
3.339980000000000171e-01
3.348949999999999982e-01
3.367060000000000053e-01
3.373909999999999965e-01
3.393050000000000233e-01
3.407339999999999813e-01
3.428720000000000101e-01
3.438640000000000030e-01
3.448970000000000091e-01
3.476210000000000133e-01
3.485759999999999970e-01
3.510519999999999752e-01
3.533080000000000109e-01
3.544370000000000021e-01
3.562509999999999843e-01
3.586639999999999828e-01
3.612150000000000083e-01
3.620959999999999734e-01
3.645269999999999899e-01
3.672500000000000209e-01
3.679569999999999785e-01
3.711320000000000174e-01
3.722829999999999750e-01
3.746010000000000173e-01
3.759060000000000179e-01
3.777079999999999882e-01
3.801050000000000262e-01
3.814150000000000040e-01
3.832240000000000091e-01
3.850359999999999894e-01
3.867249999999999854e-01
3.872990000000000044e-01
3.887959999999999749e-01
3.900819999999999843e-01
3.908789999999999765e-01
3.923780000000000046e-01
3.923059999999999881e-01
3.938220000000000054e-01
3.945890000000000231e-01
3.956930000000000169e-01
3.953260000000000107e-01
3.966470000000000273e-01
3.962829999999999964e-01
3.974670000000000147e-01
3.976359999999999895e-01
3.986810000000000076e-01
3.982470000000000176e-01
3.984820000000000029e-01
3.992009999999999725e-01
3.991759999999999753e-01
3.991419999999999968e-01
3.993490000000000095e-01
3.997959999999999847e-01
3.994309999999999805e-01
3.990900000000000003e-01
3.987120000000000108e-01
3.990619999999999723e-01
3.981480000000000019e-01
3.971319999999999850e-01
3.969790000000000263e-01
3.975589999999999957e-01
3.960279999999999911e-01
3.954139999999999877e-01
3.937979999999999814e-01
3.928360000000000185e-01
3.921789999999999998e-01
3.905319999999999903e-01
3.879730000000000123e-01
3.854949999999999766e-01
3.849139999999999784e-01
3.824930000000000274e-01
3.810109999999999886e-01
3.788239999999999941e-01
3.768509999999999915e-01
3.756189999999999807e-01
3.737400000000000166e-01
3.713119999999999754e-01
3.694689999999999919e-01
3.684140000000000192e-01
3.661699999999999955e-01
3.643620000000000192e-01
3.624789999999999957e-01
3.608029999999999848e-01
3.582839999999999914e-01
3.567009999999999903e-01
3.538760000000000239e-01
3.526759999999999895e-01
3.503180000000000183e-01
3.477239999999999776e-01
3.460309999999999775e-01
3.437299999999999800e-01
3.424530000000000074e-01
3.408919999999999728e-01
3.391339999999999910e-01
3.386979999999999991e-01
3.385070000000000023e-01
3.378789999999999849e-01
3.375949999999999784e-01
3.369929999999999870e-01
3.383369999999999989e-01
3.379530000000000034e-01
3.376720000000000277e-01
3.380409999999999804e-01
3.388410000000000033e-01
3.404499999999999749e-01
3.416580000000000172e-01
3.423629999999999729e-01
3.429900000000000171e-01
3.436040000000000205e-01
3.455429999999999890e-01
3.464650000000000230e-01
3.465440000000000187e-01
3.482210000000000027e-01
3.491349999999999731e-01
3.498789999999999956e-01
3.502370000000000205e-01
3.501480000000000148e-01
3.511230000000000184e-01
3.512730000000000019e-01
3.516589999999999994e-01
3.518169999999999908e-01
3.526489999999999903e-01
3.521540000000000226e-01
3.525019999999999820e-01
3.525469999999999993e-01
3.515209999999999724e-01
3.525929999999999898e-01
3.522210000000000063e-01
3.512669999999999959e-01
3.515940000000000176e-01
3.515599999999999836e-01
3.511369999999999769e-01
3.510880000000000112e-01
3.504599999999999937e-01
3.491909999999999736e-01
3.496079999999999743e-01
3.487649999999999917e-01
3.477390000000000203e-01
3.476360000000000006e-01
3.477210000000000023e-01
3.464990000000000014e-01
3.459709999999999730e-01
3.454269999999999841e-01
3.451130000000000031e-01
3.435440000000000160e-01
3.434980000000000255e-01
3.420770000000000199e-01
3.410670000000000091e-01
3.398140000000000049e-01
3.385409999999999808e-01
3.380250000000000199e-01
3.370920000000000027e-01
3.371239999999999792e-01
3.359820000000000029e-01
3.345190000000000108e-01
3.334710000000000174e-01
3.316629999999999856e-01
3.314759999999999929e-01
3.308630000000000182e-01
3.290879999999999916e-01
3.284639999999999782e-01
3.266990000000000172e-01
3.247380000000000266e-01
3.231140000000000123e-01
3.215270000000000072e-01
3.204879999999999951e-01
3.183860000000000023e-01
3.168090000000000073e-01
3.148659999999999792e-01
3.137289999999999801e-01
3.123670000000000058e-01
3.111269999999999869e-01
3.099770000000000025e-01
3.087559999999999749e-01
3.080100000000000060e-01
3.071820000000000106e-01
3.059230000000000005e-01
3.054589999999999805e-01
3.049040000000000084e-01
3.034800000000000275e-01
3.034220000000000250e-01
3.021639999999999882e-01
3.008979999999999988e-01
3.003759999999999764e-01
2.998839999999999839e-01
2.992920000000000025e-01
2.982090000000000019e-01
2.970610000000000195e-01
2.964689999999999825e-01
2.961360000000000103e-01
2.954800000000000204e-01
2.943129999999999913e-01
2.933140000000000192e-01
2.930769999999999764e-01
2.926369999999999805e-01
2.915960000000000218e-01
2.906420000000000115e-01
2.901099999999999790e-01
2.890750000000000264e-01
2.886779999999999902e-01
2.885429999999999939e-01
2.873200000000000198e-01
2.869959999999999734e-01
2.858780000000000210e-01
2.852129999999999943e-01
2.839679999999999982e-01
2.832830000000000070e-01
2.826020000000000199e-01
2.819439999999999724e-01
2.804320000000000146e-01
2.801649999999999974e-01
2.790839999999999987e-01
2.788280000000000203e-01
2.776640000000000219e-01
2.764190000000000258e-01
2.755270000000000219e-01
2.748940000000000272e-01
2.747740000000000182e-01
2.729249999999999732e-01
2.717510000000000203e-01
2.709529999999999994e-01
2.707120000000000082e-01
2.697939999999999783e-01
2.692510000000000181e-01
2.683260000000000089e-01
2.667660000000000031e-01
2.659739999999999882e-01
2.659290000000000265e-01
2.646359999999999824e-01
2.639909999999999757e-01
2.635500000000000065e-01
2.626319999999999766e-01
2.617970000000000019e-01
2.612860000000000182e-01
2.601269999999999971e-01
2.593449999999999922e-01
2.579710000000000059e-01
