1.950659999999999894e-02
1.888990000000000113e-02
1.821319999999999883e-02
1.755529999999999938e-02
1.678390000000000090e-02
1.604679999999999995e-02
1.528569999999999929e-02
1.461709999999999919e-02
1.385420000000000054e-02
1.344079999999999928e-02
1.272249999999999943e-02
1.225120000000000028e-02
1.163450000000000074e-02
1.127949999999999960e-02
1.067360000000000010e-02
1.040459999999999996e-02
9.913709999999999190e-03
9.545369999999999203e-03
9.223840000000000511e-03
8.835640000000000507e-03
8.595260000000000400e-03
8.439260000000000511e-03
8.242080000000000586e-03
8.069579999999999809e-03
8.019399999999999445e-03
7.873619999999999577e-03
7.729559999999999903e-03
7.770090000000000330e-03
7.655320000000000180e-03
7.670599999999999641e-03
7.718779999999999739e-03
7.650180000000000348e-03
7.770220000000000425e-03
7.769469999999999675e-03
7.842299999999999965e-03
8.016300000000000509e-03
8.060660000000000741e-03
8.163089999999999583e-03
8.121480000000000365e-03
8.155829999999999330e-03
8.266870000000000815e-03
8.335000000000000395e-03
8.410290000000000821e-03
8.397570000000000034e-03
8.394870000000000457e-03
8.290389999999999912e-03
8.434340000000000240e-03
8.438420000000000296e-03
8.262850000000000403e-03
8.282690000000000538e-03
8.108560000000000767e-03
8.188199999999999645e-03
8.034249999999999725e-03
8.029500000000000179e-03
7.825669999999999848e-03
7.879529999999999174e-03
7.888739999999999988e-03
7.938390000000000030e-03
7.997840000000000851e-03
8.241870000000000099e-03
8.537589999999999416e-03
8.953479999999999772e-03
9.389190000000000383e-03
1.001050000000000030e-02
1.071019999999999958e-02
1.155890000000000042e-02
1.245710000000000046e-02
1.342220000000000045e-02
1.449390000000000053e-02
1.567889999999999909e-02
1.713100000000000039e-02
1.851979999999999946e-02
2.023470000000000130e-02
2.205980000000000094e-02
2.397039999999999935e-02
2.611010000000000067e-02
2.856360000000000149e-02
3.109280000000000030e-02
3.368190000000000073e-02
3.654339999999999672e-02
3.984000000000000041e-02
4.345799999999999663e-02
4.712410000000000210e-02
5.070569999999999938e-02
5.485199999999999798e-02
5.875579999999999692e-02
6.294950000000000545e-02
6.638070000000000082e-02
7.080939999999999457e-02
7.434770000000000267e-02
7.891330000000000566e-02
8.233730000000000215e-02
8.624809999999999421e-02
9.007070000000000354e-02
9.394510000000000360e-02
9.724860000000000448e-02
1.005739999999999967e-01
1.036279999999999979e-01
1.068690000000000057e-01
1.093429999999999958e-01
1.124900000000000067e-01
1.150579999999999936e-01
1.181299999999999989e-01
1.198479999999999962e-01
1.223189999999999972e-01
1.244419999999999971e-01
1.267759999999999998e-01
1.287739999999999996e-01
1.305640000000000134e-01
1.323620000000000074e-01
1.340610000000000135e-01
1.388530000000000042e-01
1.400069999999999926e-01
1.417839999999999934e-01
1.428740000000000010e-01
1.441699999999999926e-01
1.451929999999999887e-01
1.465410000000000046e-01
1.473389999999999977e-01
1.480740000000000112e-01
1.493099999999999983e-01
1.499880000000000102e-01
1.508960000000000024e-01
1.512409999999999866e-01
1.522550000000000014e-01
1.520309999999999995e-01
1.528869999999999951e-01
1.528710000000000069e-01
1.540489999999999915e-01
1.547320000000000084e-01
1.547209999999999974e-01
1.489419999999999911e-01
1.491260000000000085e-01
1.499719999999999942e-01
1.505350000000000021e-01
1.515730000000000133e-01
1.517469999999999930e-01
1.529749999999999999e-01
1.535040000000000016e-01
1.546059999999999934e-01
1.551990000000000036e-01
1.560140000000000138e-01
1.572570000000000079e-01
1.579530000000000101e-01
1.592929999999999902e-01
1.599220000000000086e-01
1.620260000000000034e-01
1.624200000000000088e-01
1.640349999999999864e-01
1.657069999999999932e-01
1.669549999999999923e-01
1.688590000000000091e-01
1.697110000000000007e-01
1.710919999999999941e-01
1.738699999999999968e-01
1.747920000000000029e-01
1.767019999999999980e-01
1.780049999999999966e-01
1.804099999999999870e-01
1.826750000000000040e-01
1.841750000000000054e-01
1.861329999999999929e-01
1.877270000000000050e-01
1.902500000000000024e-01
1.923249999999999960e-01
1.934069999999999956e-01
1.960169999999999968e-01
1.977160000000000029e-01
1.995159999999999989e-01
2.015000000000000124e-01
2.037549999999999917e-01
2.054999999999999882e-01
2.069660000000000111e-01
2.099350000000000105e-01
2.111500000000000044e-01
2.122410000000000130e-01
2.132580000000000031e-01
2.154210000000000014e-01
2.171990000000000032e-01
2.181410000000000016e-01
2.193930000000000047e-01
2.210840000000000027e-01
2.221380000000000021e-01
2.228999999999999870e-01
2.239170000000000049e-01
2.258900000000000075e-01
2.264750000000000096e-01
2.272540000000000115e-01
2.280929999999999902e-01
2.292450000000000043e-01
2.301570000000000005e-01
2.310560000000000114e-01
2.323409999999999920e-01
2.328659999999999897e-01
2.334680000000000089e-01
2.350549999999999862e-01
2.360140000000000016e-01
2.364390000000000103e-01
2.375480000000000091e-01
2.381429999999999936e-01
2.385589999999999933e-01
2.382479999999999876e-01
2.394900000000000084e-01
2.401419999999999944e-01
2.401500000000000024e-01
2.401379999999999904e-01
2.403129999999999988e-01
2.401550000000000074e-01
2.400220000000000131e-01
2.398230000000000084e-01
2.390960000000000030e-01
2.384179999999999910e-01
2.374610000000000054e-01
2.359970000000000123e-01
2.344169999999999865e-01
2.339650000000000063e-01
2.320570000000000133e-01
2.309130000000000071e-01
2.299019999999999953e-01
2.280550000000000077e-01
2.263100000000000112e-01
2.248600000000000043e-01
2.233140000000000125e-01
2.213749999999999885e-01
2.195680000000000132e-01
2.178460000000000119e-01
2.154739999999999989e-01
2.132459999999999911e-01
2.119769999999999988e-01
2.090940000000000021e-01
2.077829999999999955e-01
2.060210000000000097e-01
2.039289999999999992e-01
2.020349999999999924e-01
2.004469999999999863e-01
1.993469999999999964e-01
1.978159999999999918e-01
1.965959999999999930e-01
1.960220000000000018e-01
1.954660000000000009e-01
1.960050000000000125e-01
1.952840000000000131e-01
1.957990000000000008e-01
1.971499999999999919e-01
1.985349999999999893e-01
1.987389999999999990e-01
2.007460000000000078e-01
2.022309999999999941e-01
2.041260000000000019e-01
2.058010000000000117e-01
2.080849999999999922e-01
2.096979999999999955e-01
2.120420000000000083e-01
2.143100000000000005e-01
2.165020000000000000e-01
2.187570000000000070e-01
2.208450000000000135e-01
2.220060000000000089e-01
2.245439999999999936e-01
2.259680000000000022e-01
2.279760000000000120e-01
2.296110000000000095e-01
2.309390000000000054e-01
2.329789999999999917e-01
2.341719999999999913e-01
2.351810000000000012e-01
2.361999999999999933e-01
2.373609999999999887e-01
2.383570000000000133e-01
2.391109999999999902e-01
2.397430000000000117e-01
2.413359999999999950e-01
2.412370000000000070e-01
2.412539999999999962e-01
2.421349999999999891e-01
2.430859999999999965e-01
2.430279999999999940e-01
2.430470000000000130e-01
2.430819999999999925e-01
2.438690000000000024e-01
2.441409999999999969e-01
2.443559999999999899e-01
2.439900000000000124e-01
2.436909999999999910e-01
2.436079999999999912e-01
2.437519999999999964e-01
2.436429999999999985e-01
2.435070000000000012e-01
2.431220000000000048e-01
2.429099999999999870e-01
2.425350000000000006e-01
2.419979999999999909e-01
2.412269999999999970e-01
2.407259999999999955e-01
2.410110000000000030e-01
2.403450000000000031e-01
2.398379999999999956e-01
2.388299999999999867e-01
2.384890000000000065e-01
2.379000000000000004e-01
2.371779999999999999e-01
2.367710000000000092e-01
2.362339999999999995e-01
2.356570000000000054e-01
2.336850000000000038e-01
2.331159999999999899e-01
2.315200000000000036e-01
2.304640000000000022e-01
2.289559999999999929e-01
2.278810000000000002e-01
2.269809999999999883e-01
2.254629999999999967e-01
2.239150000000000029e-01
2.226710000000000078e-01
2.223539999999999961e-01
2.212550000000000072e-01
2.194679999999999964e-01
2.192649999999999877e-01
2.185010000000000008e-01
2.180239999999999956e-01
2.170719999999999872e-01
2.169280000000000097e-01
2.164729999999999988e-01
2.162260000000000015e-01
2.152669999999999861e-01
2.141820000000000113e-01
2.138410000000000033e-01
2.129330000000000112e-01
2.121069999999999900e-01
2.116590000000000138e-01
2.113490000000000091e-01
2.110760000000000136e-01
2.105349999999999999e-01
2.095909999999999995e-01
2.094620000000000093e-01
2.088200000000000056e-01
2.079999999999999905e-01
2.074759999999999938e-01
2.069400000000000128e-01
2.065319999999999934e-01
2.060170000000000057e-01
2.047660000000000036e-01
2.043719999999999981e-01
2.039620000000000044e-01
2.032329999999999970e-01
2.025569999999999871e-01
2.018310000000000104e-01
2.019209999999999894e-01
2.006179999999999908e-01
1.998880000000000101e-01
1.996479999999999921e-01
1.986680000000000113e-01
1.977250000000000119e-01
1.973949999999999871e-01
1.965649999999999897e-01
1.958850000000000036e-01
1.954780000000000129e-01
1.947790000000000077e-01
1.935060000000000113e-01
1.918320000000000025e-01
1.918439999999999868e-01
1.914770000000000083e-01
1.904649999999999954e-01
1.892840000000000078e-01
1.883249999999999924e-01
1.877040000000000097e-01
1.871349999999999958e-01
1.862979999999999914e-01
1.858039999999999969e-01
1.839919999999999889e-01
1.837370000000000114e-01
1.832820000000000005e-01
1.822759999999999936e-01
1.814240000000000019e-01
1.819689999999999919e-01
1.806589999999999863e-01
1.801820000000000088e-01
1.794789999999999996e-01
1.779729999999999923e-01
1.773820000000000119e-01
1.761840000000000073e-01
