1.953250000000000125e-02
1.887149999999999939e-02
1.814580000000000012e-02
1.749790000000000026e-02
1.672039999999999985e-02
1.611399999999999985e-02
1.539809999999999963e-02
1.455679999999999995e-02
1.394980000000000005e-02
1.334549999999999972e-02
1.264709999999999966e-02
1.211929999999999952e-02
1.165260000000000080e-02
1.105830000000000007e-02
1.068769999999999963e-02
1.021019999999999914e-02
9.871390000000000720e-03
9.554429999999999173e-03
9.298080000000000234e-03
8.955730000000000288e-03
8.749859999999999929e-03
8.432500000000000759e-03
8.151570000000000343e-03
8.149399999999999353e-03
7.941409999999999442e-03
7.776159999999999843e-03
7.824549999999999561e-03
7.672690000000000239e-03
7.688679999999999820e-03
7.719339999999999882e-03
7.652319999999999782e-03
7.773140000000000431e-03
7.735879999999999666e-03
7.805269999999999569e-03
7.830669999999999645e-03
7.902589999999999268e-03
7.939329999999999651e-03
8.063100000000000128e-03
8.148050000000000431e-03
8.235879999999999243e-03
8.338770000000000557e-03
8.366749999999999188e-03
8.337640000000000329e-03
8.356159999999999630e-03
8.419869999999999438e-03
8.469759999999999789e-03
8.292529999999999346e-03
8.398390000000000369e-03
8.279730000000000770e-03
8.285429999999999878e-03
8.272039999999999602e-03
8.118949999999999778e-03
7.948939999999999825e-03
7.982670000000000737e-03
7.893930000000000391e-03
7.955409999999999565e-03
7.842210000000000500e-03
7.929099999999999690e-03
7.940269999999999273e-03
8.312200000000000491e-03
8.452700000000000491e-03
8.940510000000000471e-03
9.345519999999999522e-03
9.987750000000000100e-03
1.067260000000000084e-02
1.149949999999999931e-02
1.243819999999999995e-02
1.344129999999999978e-02
1.442680000000000004e-02
1.588089999999999988e-02
1.709449999999999859e-02
1.859850000000000045e-02
2.026580000000000048e-02
2.196429999999999910e-02
2.415029999999999955e-02
2.601219999999999921e-02
2.865310000000000079e-02
3.102840000000000112e-02
3.389989999999999670e-02
3.670759999999999995e-02
3.989920000000000272e-02
4.343840000000000201e-02
4.692840000000000206e-02
5.075840000000000213e-02
5.501319999999999821e-02
5.854630000000000251e-02
6.290750000000000508e-02
6.646979999999999555e-02
7.068800000000000083e-02
7.485429999999999862e-02
7.870979999999999643e-02
8.266210000000000224e-02
8.680100000000000315e-02
8.992529999999999968e-02
9.342789999999999428e-02
9.676849999999999341e-02
1.004130000000000023e-01
1.035289999999999960e-01
1.069589999999999985e-01
1.097069999999999990e-01
1.128350000000000047e-01
1.147299999999999986e-01
1.175400000000000056e-01
1.196760000000000046e-01
1.229119999999999935e-01
1.249119999999999953e-01
1.265890000000000071e-01
1.287159999999999971e-01
1.307800000000000074e-01
1.323999999999999899e-01
1.339899999999999980e-01
1.387849999999999917e-01
1.402609999999999968e-01
1.414630000000000054e-01
1.428439999999999988e-01
1.442450000000000121e-01
1.449680000000000135e-01
1.461939999999999906e-01
1.477660000000000085e-01
1.476840000000000097e-01
1.492739999999999900e-01
1.500190000000000135e-01
1.504000000000000059e-01
1.513079999999999981e-01
1.520730000000000137e-01
1.520330000000000015e-01
1.532119999999999871e-01
1.534010000000000096e-01
1.541540000000000132e-01
1.539979999999999960e-01
1.544329999999999870e-01
1.485470000000000124e-01
1.490849999999999953e-01
1.500390000000000057e-01
1.506079999999999919e-01
1.514840000000000075e-01
1.521200000000000052e-01
1.530120000000000091e-01
1.534999999999999976e-01
1.544800000000000062e-01
1.550789999999999946e-01
1.553730000000000111e-01
1.571279999999999899e-01
1.582500000000000018e-01
1.589830000000000132e-01
1.602530000000000066e-01
1.612780000000000047e-01
1.627649999999999930e-01
1.639859999999999929e-01
1.655280000000000085e-01
1.670909999999999895e-01
1.682150000000000034e-01
1.701940000000000119e-01
1.712579999999999936e-01
1.731310000000000071e-01
1.750629999999999964e-01
1.769080000000000097e-01
1.790249999999999897e-01
1.801359999999999906e-01
1.821319999999999883e-01
1.842219999999999969e-01
1.860709999999999864e-01
1.881770000000000109e-01
1.897679999999999922e-01
1.921299999999999952e-01
1.938829999999999998e-01
1.957480000000000053e-01
1.980719999999999981e-01
1.999130000000000074e-01
2.017049999999999954e-01
2.041280000000000039e-01
2.047809999999999908e-01
2.073240000000000083e-01
2.090720000000000078e-01
2.107360000000000066e-01
2.122640000000000082e-01
2.140739999999999865e-01
2.156589999999999896e-01
2.164439999999999975e-01
2.181490000000000096e-01
2.191240000000000132e-01
2.213090000000000057e-01
2.219210000000000071e-01
2.229170000000000040e-01
2.243840000000000001e-01
2.255820000000000047e-01
2.265000000000000069e-01
2.272190000000000043e-01
2.287309999999999899e-01
2.294529999999999903e-01
2.302319999999999922e-01
2.311130000000000129e-01
2.321310000000000040e-01
2.329499999999999904e-01
2.339690000000000103e-01
2.345520000000000105e-01
2.357130000000000059e-01
2.361419999999999908e-01
2.372589999999999977e-01
2.377589999999999981e-01
2.388990000000000002e-01
2.390869999999999940e-01
2.394650000000000112e-01
2.398929999999999951e-01
2.406459999999999988e-01
2.406409999999999938e-01
2.406989999999999963e-01
2.408740000000000048e-01
2.402739999999999876e-01
2.394280000000000019e-01
2.391729999999999967e-01
2.378010000000000124e-01
2.376919999999999866e-01
2.358399999999999941e-01
2.348419999999999952e-01
2.338909999999999878e-01
2.323939999999999895e-01
2.306670000000000109e-01
2.294589999999999963e-01
2.280240000000000045e-01
2.262109999999999954e-01
2.251360000000000028e-01
2.231049999999999978e-01
2.218449999999999867e-01
2.196059999999999957e-01
2.178460000000000119e-01
2.161859999999999893e-01
2.134570000000000078e-01
2.115509999999999891e-01
2.096880000000000133e-01
2.081899999999999862e-01
2.056230000000000002e-01
2.036100000000000132e-01
2.015490000000000059e-01
2.001320000000000043e-01
1.984700000000000075e-01
1.972069999999999934e-01
1.966880000000000017e-01
1.954400000000000026e-01
1.958969999999999878e-01
1.955240000000000034e-01
1.956019999999999981e-01
1.960919999999999885e-01
1.973749999999999949e-01
1.978010000000000046e-01
1.988439999999999930e-01
2.006890000000000063e-01
2.023060000000000136e-01
2.038570000000000104e-01
2.061610000000000109e-01
2.082769999999999899e-01
2.100319999999999965e-01
2.123990000000000045e-01
2.145459999999999867e-01
2.168519999999999892e-01
2.188309999999999977e-01
2.205219999999999958e-01
2.227580000000000116e-01
2.246229999999999893e-01
2.258380000000000110e-01
2.277170000000000027e-01
2.297049999999999925e-01
2.313709999999999933e-01
2.327259999999999884e-01
2.346010000000000040e-01
2.353590000000000126e-01
2.366270000000000040e-01
2.371560000000000057e-01
2.377299999999999969e-01
2.384900000000000075e-01
2.402710000000000123e-01
2.406959999999999933e-01
2.409209999999999963e-01
2.411850000000000105e-01
2.420069999999999999e-01
2.426840000000000108e-01
2.433649999999999980e-01
2.429399999999999893e-01
2.438339999999999952e-01
2.438430000000000042e-01
2.439659999999999884e-01
2.437280000000000002e-01
2.438670000000000004e-01
2.438520000000000132e-01
2.439649999999999874e-01
2.440789999999999904e-01
2.436969999999999970e-01
2.434230000000000005e-01
2.432789999999999953e-01
2.422870000000000024e-01
2.428549999999999875e-01
2.425350000000000006e-01
2.418009999999999882e-01
2.409550000000000025e-01
2.408500000000000085e-01
2.404580000000000051e-01
2.397450000000000137e-01
2.392410000000000092e-01
2.381679999999999908e-01
2.381439999999999946e-01
2.368200000000000027e-01
2.363339999999999885e-01
2.359989999999999866e-01
2.354219999999999924e-01
2.342950000000000033e-01
2.336739999999999928e-01
2.319029999999999980e-01
2.301660000000000095e-01
2.290959999999999941e-01
2.277909999999999935e-01
2.267379999999999951e-01
2.258680000000000132e-01
2.237169999999999992e-01
2.224619999999999931e-01
2.219359999999999944e-01
2.208489999999999898e-01
2.193569999999999964e-01
2.192459999999999964e-01
2.183470000000000133e-01
2.178309999999999969e-01
2.171879999999999922e-01
2.166150000000000020e-01
2.160320000000000018e-01
2.161569999999999880e-01
2.145549999999999957e-01
2.144770000000000010e-01
2.135160000000000113e-01
2.133460000000000079e-01
2.124709999999999932e-01
2.116659999999999930e-01
2.112799999999999956e-01
2.107199999999999906e-01
2.100849999999999940e-01
2.095039999999999958e-01
2.089499999999999968e-01
2.087199999999999889e-01
2.077900000000000025e-01
2.075889999999999957e-01
2.066070000000000129e-01
2.061910000000000132e-01
2.057340000000000002e-01
2.048250000000000071e-01
2.045190000000000063e-01
2.037789999999999879e-01
2.034080000000000055e-01
2.028679999999999928e-01
2.021860000000000046e-01
2.011129999999999862e-01
2.010689999999999977e-01
1.999529999999999919e-01
1.990570000000000117e-01
1.985770000000000035e-01
1.981769999999999921e-01
1.971199999999999897e-01
1.965570000000000095e-01
1.960959999999999925e-01
1.953219999999999956e-01
1.943880000000000052e-01
1.937969999999999970e-01
1.925739999999999952e-01
1.925149999999999917e-01
1.913960000000000106e-01
1.906509999999999871e-01
1.895679999999999865e-01
1.881089999999999984e-01
1.880999999999999894e-01
1.868239999999999901e-01
1.868170000000000108e-01
1.857250000000000012e-01
1.844899999999999873e-01
1.831899999999999917e-01
1.829419999999999935e-01
1.828230000000000133e-01
1.815380000000000049e-01
1.810950000000000060e-01
1.805130000000000068e-01
1.793339999999999934e-01
1.791139999999999954e-01
1.780650000000000011e-01
1.774830000000000019e-01
1.762769999999999893e-01
