3.187149999999999705e-02
3.079869999999999830e-02
2.989239999999999953e-02
2.860419999999999977e-02
2.730029999999999957e-02
2.614069999999999935e-02
2.511040000000000147e-02
2.384690000000000074e-02
2.312720000000000053e-02
2.188230000000000036e-02
2.090799999999999950e-02
2.012569999999999984e-02
1.926699999999999940e-02
1.842620000000000022e-02
1.766529999999999836e-02
1.695599999999999885e-02
1.637279999999999985e-02
1.568630000000000024e-02
1.540150000000000026e-02
1.477919999999999928e-02
1.431130000000000076e-02
1.383419999999999962e-02
1.358089999999999992e-02
1.325759999999999959e-02
1.314470000000000048e-02
1.290529999999999976e-02
1.277559999999999980e-02
1.282800000000000086e-02
1.263139999999999923e-02
1.274740000000000074e-02
1.268219999999999938e-02
1.276210000000000018e-02
1.295179999999999942e-02
1.296229999999999952e-02
1.301169999999999931e-02
1.307700000000000008e-02
1.321379999999999950e-02
1.330869999999999970e-02
1.352090000000000063e-02
1.332999999999999984e-02
1.388370000000000055e-02
1.370840000000000079e-02
1.379140000000000053e-02
1.390949999999999999e-02
1.394289999999999939e-02
1.388499999999999977e-02
1.391870000000000086e-02
1.387619999999999999e-02
1.373899999999999948e-02
1.367409999999999980e-02
1.355100000000000054e-02
1.332099999999999951e-02
1.340429999999999920e-02
1.316259999999999999e-02
1.300560000000000084e-02
1.301919999999999987e-02
1.297569999999999973e-02
1.317819999999999929e-02
1.324490000000000042e-02
1.351439999999999933e-02
1.404009999999999980e-02
1.474050000000000013e-02
1.543789999999999919e-02
1.641300000000000051e-02
1.759820000000000134e-02
1.906779999999999933e-02
2.054889999999999842e-02
2.221609999999999904e-02
2.386009999999999867e-02
2.587549999999999920e-02
2.815830000000000069e-02
3.021259999999999918e-02
3.302759999999999724e-02
3.566409999999999719e-02
3.886030000000000040e-02
4.220959999999999990e-02
4.559679999999999983e-02
4.911190000000000000e-02
5.336169999999999802e-02
5.763030000000000236e-02
6.229969999999999952e-02
6.687110000000000276e-02
7.208420000000000105e-02
7.723579999999999335e-02
8.290580000000000171e-02
8.792379999999999640e-02
9.394299999999999873e-02
9.838059999999999861e-02
1.043899999999999967e-01
1.089490000000000042e-01
1.144710000000000033e-01
1.192489999999999939e-01
1.242719999999999936e-01
1.289700000000000013e-01
1.333979999999999888e-01
1.372289999999999899e-01
1.415190000000000059e-01
1.450569999999999915e-01
1.500219999999999887e-01
1.531079999999999941e-01
1.562780000000000002e-01
1.599140000000000006e-01
1.626229999999999898e-01
1.655129999999999935e-01
1.687009999999999899e-01
1.708340000000000136e-01
1.738810000000000078e-01
1.755049999999999943e-01
1.783800000000000108e-01
1.804189999999999960e-01
1.827040000000000053e-01
1.875890000000000057e-01
1.895550000000000013e-01
1.909959999999999991e-01
1.927409999999999957e-01
1.940840000000000065e-01
1.949680000000000024e-01
1.964210000000000123e-01
1.984910000000000008e-01
1.984829999999999928e-01
2.003260000000000041e-01
2.008489999999999998e-01
2.016739999999999922e-01
2.023610000000000131e-01
2.028699999999999948e-01
2.036900000000000099e-01
2.044289999999999996e-01
2.043659999999999921e-01
2.048939999999999928e-01
2.057730000000000115e-01
2.059410000000000129e-01
1.992250000000000132e-01
1.999819999999999931e-01
2.009579999999999977e-01
2.015290000000000137e-01
2.026620000000000088e-01
2.032509999999999872e-01
2.045200000000000073e-01
2.049570000000000003e-01
2.063599999999999879e-01
2.065939999999999999e-01
2.075869999999999937e-01
2.087370000000000059e-01
2.099999999999999922e-01
2.112529999999999963e-01
2.128559999999999897e-01
2.138210000000000111e-01
2.154220000000000024e-01
2.169510000000000050e-01
2.186039999999999928e-01
2.203050000000000008e-01
2.220310000000000061e-01
2.236319999999999975e-01
2.251950000000000063e-01
2.276199999999999890e-01
2.294869999999999965e-01
2.306050000000000044e-01
2.338050000000000128e-01
2.357450000000000101e-01
2.380490000000000106e-01
2.392269999999999952e-01
2.420799999999999896e-01
2.440599999999999992e-01
2.460179999999999867e-01
2.485920000000000074e-01
2.507989999999999942e-01
2.530259999999999732e-01
2.546760000000000135e-01
2.573210000000000219e-01
2.596979999999999844e-01
2.617559999999999887e-01
2.631629999999999803e-01
2.651160000000000183e-01
2.669909999999999783e-01
2.689529999999999976e-01
2.702879999999999727e-01
2.727959999999999829e-01
2.739249999999999741e-01
2.757459999999999911e-01
2.768410000000000037e-01
2.780540000000000234e-01
2.809289999999999843e-01
2.810889999999999778e-01
2.822749999999999981e-01
2.837020000000000097e-01
2.853350000000000053e-01
2.862450000000000272e-01
2.866449999999999831e-01
2.886889999999999734e-01
2.894979999999999776e-01
2.905840000000000090e-01
2.911900000000000044e-01
2.924180000000000113e-01
2.930780000000000052e-01
2.945439999999999725e-01
2.955329999999999901e-01
2.971059999999999812e-01
2.969589999999999730e-01
2.977000000000000202e-01
2.979430000000000134e-01
2.992299999999999960e-01
3.002330000000000276e-01
3.004269999999999996e-01
3.007219999999999893e-01
3.012909999999999755e-01
3.009100000000000108e-01
3.013859999999999872e-01
3.011389999999999900e-01
3.011360000000000148e-01
3.006349999999999856e-01
2.993790000000000062e-01
2.986070000000000113e-01
2.982719999999999816e-01
2.970970000000000000e-01
2.952049999999999952e-01
2.939899999999999736e-01
2.921250000000000235e-01
2.911050000000000026e-01
2.899160000000000070e-01
2.880420000000000202e-01
2.865079999999999849e-01
2.843689999999999829e-01
2.826110000000000011e-01
2.805360000000000076e-01
2.782510000000000261e-01
2.760900000000000021e-01
2.747240000000000237e-01
2.726350000000000162e-01
2.705259999999999887e-01
2.680279999999999885e-01
2.656040000000000068e-01
2.631330000000000058e-01
2.615689999999999960e-01
2.596620000000000039e-01
2.575350000000000139e-01
2.558010000000000006e-01
2.551080000000000014e-01
2.534719999999999751e-01
2.522469999999999990e-01
2.521450000000000080e-01
2.523569999999999980e-01
2.524609999999999910e-01
2.530680000000000152e-01
2.537699999999999956e-01
2.547730000000000272e-01
2.557389999999999941e-01
2.578909999999999814e-01
2.603269999999999751e-01
2.614699999999999802e-01
2.640890000000000182e-01
2.660440000000000027e-01
2.683650000000000202e-01
2.705359999999999987e-01
2.734969999999999901e-01
2.754610000000000114e-01
2.772800000000000264e-01
2.801370000000000249e-01
2.816089999999999982e-01
2.845750000000000224e-01
2.863020000000000009e-01
2.875349999999999850e-01
2.894579999999999931e-01
2.914869999999999961e-01
2.931630000000000069e-01
2.940570000000000128e-01
2.961989999999999901e-01
2.972520000000000162e-01
2.981869999999999798e-01
2.987420000000000075e-01
3.000680000000000014e-01
3.003160000000000274e-01
3.014870000000000050e-01
3.020599999999999952e-01
3.031159999999999966e-01
3.027739999999999876e-01
3.042839999999999989e-01
3.038049999999999917e-01
3.046889999999999876e-01
3.044060000000000099e-01
3.047819999999999974e-01
3.054819999999999758e-01
3.050709999999999811e-01
3.058440000000000047e-01
3.048509999999999831e-01
3.050039999999999973e-01
3.046030000000000126e-01
3.051610000000000156e-01
3.051499999999999768e-01
3.043009999999999882e-01
3.033939999999999970e-01
3.035760000000000125e-01
3.043959999999999999e-01
3.029390000000000138e-01
3.019959999999999867e-01
3.016730000000000245e-01
3.005260000000000153e-01
3.006269999999999776e-01
3.000450000000000061e-01
2.992159999999999820e-01
2.989589999999999748e-01
2.972589999999999955e-01
2.971670000000000145e-01
2.964530000000000221e-01
2.956480000000000219e-01
2.941489999999999938e-01
2.940980000000000261e-01
2.917819999999999858e-01
2.908390000000000142e-01
2.894349999999999978e-01
2.873080000000000078e-01
2.862020000000000119e-01
2.844329999999999914e-01
2.836080000000000267e-01
2.821159999999999779e-01
2.817609999999999837e-01
2.804110000000000213e-01
2.781179999999999763e-01
2.782279999999999753e-01
2.776429999999999731e-01
2.770409999999999817e-01
2.767789999999999973e-01
2.756830000000000114e-01
2.749550000000000050e-01
2.747890000000000055e-01
2.737740000000000173e-01
2.731689999999999952e-01
2.725929999999999742e-01
2.719429999999999903e-01
2.711749999999999994e-01
2.704380000000000117e-01
2.695489999999999831e-01
2.693200000000000038e-01
2.684579999999999744e-01
2.685489999999999822e-01
2.670589999999999908e-01
2.672160000000000091e-01
2.659000000000000252e-01
2.660299999999999887e-01
2.648559999999999803e-01
2.642570000000000197e-01
2.637490000000000112e-01
2.630069999999999908e-01
2.620500000000000052e-01
2.614409999999999790e-01
2.608519999999999728e-01
2.603719999999999923e-01
2.599239999999999884e-01
2.590230000000000032e-01
2.582369999999999943e-01
2.578799999999999981e-01
2.559069999999999956e-01
2.555930000000000146e-01
2.557209999999999761e-01
2.540669999999999873e-01
2.533270000000000244e-01
2.521889999999999965e-01
2.525410000000000155e-01
2.508380000000000054e-01
2.501720000000000055e-01
2.487540000000000029e-01
2.481889999999999930e-01
2.475930000000000075e-01
2.465430000000000121e-01
2.458380000000000010e-01
2.441000000000000114e-01
2.440209999999999879e-01
2.427090000000000081e-01
2.422950000000000104e-01
2.416049999999999864e-01
2.402269999999999961e-01
2.389529999999999987e-01
2.379960000000000131e-01
2.374620000000000064e-01
2.373719999999999997e-01
2.360190000000000066e-01
2.351530000000000009e-01
2.353109999999999924e-01
2.340599999999999903e-01
2.328890000000000127e-01
2.321280000000000010e-01
2.305409999999999959e-01
