4.415070000000000106e-02
4.268940000000000234e-02
4.128710000000000019e-02
4.000940000000000052e-02
3.838609999999999939e-02
3.681159999999999988e-02
3.559810000000000058e-02
3.384569999999999940e-02
3.252019999999999911e-02
3.118639999999999954e-02
2.951080000000000023e-02
2.823869999999999852e-02
2.722810000000000161e-02
2.615400000000000016e-02
2.482720000000000066e-02
2.415969999999999923e-02
2.334469999999999948e-02
2.256829999999999947e-02
2.166409999999999864e-02
2.107329999999999967e-02
2.040279999999999871e-02
2.006180000000000116e-02
1.929780000000000037e-02
1.912169999999999842e-02
1.864860000000000129e-02
1.836149999999999935e-02
1.829450000000000173e-02
1.815740000000000062e-02
1.800490000000000076e-02
1.801339999999999886e-02
1.802979999999999861e-02
1.822230000000000030e-02
1.838450000000000153e-02
1.822789999999999827e-02
1.864849999999999841e-02
1.856259999999999855e-02
1.874989999999999990e-02
1.887060000000000126e-02
1.910490000000000105e-02
1.928500000000000006e-02
1.948619999999999866e-02
1.946579999999999838e-02
1.951500000000000110e-02
1.963919999999999902e-02
1.967879999999999976e-02
1.964890000000000039e-02
1.986589999999999884e-02
1.979169999999999888e-02
1.963610000000000008e-02
1.955789999999999959e-02
1.935189999999999827e-02
1.913950000000000026e-02
1.903310000000000071e-02
1.867550000000000113e-02
1.849090000000000109e-02
1.853849999999999942e-02
1.859179999999999860e-02
1.875510000000000024e-02
1.885519999999999904e-02
1.940410000000000051e-02
2.003419999999999854e-02
2.104949999999999877e-02
2.205709999999999962e-02
2.351500000000000118e-02
2.494590000000000002e-02
2.672180000000000041e-02
2.875199999999999978e-02
3.133260000000000212e-02
3.360649999999999749e-02
3.640840000000000048e-02
3.933969999999999828e-02
4.236899999999999694e-02
4.593490000000000073e-02
4.938349999999999684e-02
5.318090000000000317e-02
5.783220000000000027e-02
6.197090000000000237e-02
6.679839999999999389e-02
7.207270000000000343e-02
7.731209999999999471e-02
8.338439999999999741e-02
8.903490000000000015e-02
9.532179999999999820e-02
1.016060000000000019e-01
1.081519999999999981e-01
1.137829999999999953e-01
1.211720000000000019e-01
1.269649999999999945e-01
1.328110000000000124e-01
1.392220000000000124e-01
1.450879999999999947e-01
1.504230000000000012e-01
1.563360000000000027e-01
1.616889999999999994e-01
1.667109999999999981e-01
1.712009999999999921e-01
1.757809999999999928e-01
1.802660000000000096e-01
1.841089999999999949e-01
1.884709999999999996e-01
1.924819999999999864e-01
1.957939999999999958e-01
1.996140000000000136e-01
2.020510000000000084e-01
2.059130000000000127e-01
2.083540000000000114e-01
2.112420000000000131e-01
2.143009999999999915e-01
2.167129999999999890e-01
2.188400000000000067e-01
2.209550000000000125e-01
2.271390000000000076e-01
2.285659999999999914e-01
2.306850000000000012e-01
2.322249999999999870e-01
2.336620000000000086e-01
2.348709999999999964e-01
2.358169999999999988e-01
2.378750000000000031e-01
2.388000000000000123e-01
2.398150000000000004e-01
2.407229999999999925e-01
2.414830000000000032e-01
2.425299999999999956e-01
2.428810000000000136e-01
2.440219999999999889e-01
2.448500000000000121e-01
2.450869999999999993e-01
2.460279999999999967e-01
2.462189999999999934e-01
2.468069999999999986e-01
2.396899999999999864e-01
2.397970000000000101e-01
2.407209999999999905e-01
2.417769999999999919e-01
2.430670000000000053e-01
2.433919999999999972e-01
2.447400000000000131e-01
2.451609999999999900e-01
2.464810000000000056e-01
2.472090000000000121e-01
2.480360000000000065e-01
2.497010000000000063e-01
2.504939999999999944e-01
2.519509999999999805e-01
2.536379999999999746e-01
2.552610000000000157e-01
2.566240000000000188e-01
2.584089999999999998e-01
2.597209999999999797e-01
2.618500000000000272e-01
2.634110000000000062e-01
2.655080000000000218e-01
2.679400000000000115e-01
2.694159999999999888e-01
2.709750000000000214e-01
2.732919999999999794e-01
2.757999999999999896e-01
2.781509999999999816e-01
2.805900000000000061e-01
2.819159999999999999e-01
2.842169999999999974e-01
2.866290000000000227e-01
2.887879999999999892e-01
2.916009999999999991e-01
2.938720000000000221e-01
2.961190000000000211e-01
2.984020000000000006e-01
3.004060000000000064e-01
3.027090000000000058e-01
3.046539999999999804e-01
3.073339999999999961e-01
3.091889999999999916e-01
3.113549999999999929e-01
3.131760000000000099e-01
3.151590000000000225e-01
3.171280000000000210e-01
3.191649999999999765e-01
3.205790000000000028e-01
3.214659999999999740e-01
3.233679999999999888e-01
3.244600000000000262e-01
3.259009999999999962e-01
3.272090000000000276e-01
3.288530000000000064e-01
3.298159999999999981e-01
3.315409999999999746e-01
3.315919999999999979e-01
3.329190000000000205e-01
3.345339999999999980e-01
3.355799999999999894e-01
3.365179999999999838e-01
3.376709999999999989e-01
3.384579999999999811e-01
3.391970000000000263e-01
3.400529999999999942e-01
3.406980000000000008e-01
3.420770000000000199e-01
3.429849999999999843e-01
3.428539999999999921e-01
3.445779999999999954e-01
3.446400000000000019e-01
3.459550000000000125e-01
3.456719999999999793e-01
3.460230000000000250e-01
3.464369999999999949e-01
3.465010000000000034e-01
3.460790000000000255e-01
3.467520000000000047e-01
3.455690000000000150e-01
3.449840000000000129e-01
3.443629999999999747e-01
3.429459999999999731e-01
3.421750000000000069e-01
3.398030000000000217e-01
3.388909999999999978e-01
3.376060000000000172e-01
3.361790000000000056e-01
3.343160000000000021e-01
3.331779999999999742e-01
3.306100000000000150e-01
3.292220000000000146e-01
3.275859999999999883e-01
3.252390000000000003e-01
3.224650000000000016e-01
3.213400000000000145e-01
3.190560000000000063e-01
3.164660000000000251e-01
3.145499999999999963e-01
3.119350000000000178e-01
3.094009999999999816e-01
3.072219999999999951e-01
3.055769999999999875e-01
3.030320000000000236e-01
3.014209999999999945e-01
2.995479999999999809e-01
2.983089999999999908e-01
2.976289999999999769e-01
2.960969999999999991e-01
2.958100000000000174e-01
2.959510000000000196e-01
2.959950000000000081e-01
2.963029999999999831e-01
2.973129999999999939e-01
2.984410000000000118e-01
2.991389999999999882e-01
3.014490000000000225e-01
3.038250000000000117e-01
3.052710000000000146e-01
3.081439999999999735e-01
3.097889999999999810e-01
3.124160000000000270e-01
3.152539999999999787e-01
3.175729999999999942e-01
3.194040000000000212e-01
3.218030000000000057e-01
3.247419999999999751e-01
3.268070000000000142e-01
3.288429999999999964e-01
3.305379999999999985e-01
3.328789999999999805e-01
3.345940000000000025e-01
3.360310000000000241e-01
3.374349999999999850e-01
3.390610000000000013e-01
3.404630000000000156e-01
3.417680000000000162e-01
3.435300000000000020e-01
3.433970000000000078e-01
3.450989999999999891e-01
3.462259999999999782e-01
3.469260000000000121e-01
3.477290000000000103e-01
3.474389999999999978e-01
3.486980000000000079e-01
3.486589999999999967e-01
3.489079999999999959e-01
3.494959999999999734e-01
3.494059999999999944e-01
3.499269999999999881e-01
3.508549999999999724e-01
3.505329999999999835e-01
3.505059999999999842e-01
3.497600000000000153e-01
3.498100000000000098e-01
3.500849999999999795e-01
3.502080000000000193e-01
3.498109999999999831e-01
3.496549999999999936e-01
3.491810000000000191e-01
3.481969999999999787e-01
3.480500000000000260e-01
3.478330000000000033e-01
3.472560000000000091e-01
3.462529999999999775e-01
3.463649999999999785e-01
3.451310000000000211e-01
3.447410000000000196e-01
3.440250000000000252e-01
3.437560000000000060e-01
3.427839999999999776e-01
3.416000000000000147e-01
3.414929999999999910e-01
3.404909999999999881e-01
3.390799999999999925e-01
3.384220000000000006e-01
3.367200000000000193e-01
3.355489999999999862e-01
3.346040000000000125e-01
3.325099999999999723e-01
3.307339999999999725e-01
3.299719999999999875e-01
3.285230000000000095e-01
3.266000000000000014e-01
3.257559999999999900e-01
3.245080000000000187e-01
3.240350000000000175e-01
3.230149999999999966e-01
3.222729999999999762e-01
3.213739999999999930e-01
3.201519999999999921e-01
3.195999999999999952e-01
3.196109999999999784e-01
3.192400000000000237e-01
3.181059999999999999e-01
3.170350000000000112e-01
3.169210000000000083e-01
3.163960000000000106e-01
3.157059999999999866e-01
3.147610000000000130e-01
3.141300000000000203e-01
3.134680000000000244e-01
3.128420000000000090e-01
3.126180000000000070e-01
3.116610000000000213e-01
3.102980000000000183e-01
3.105519999999999947e-01
3.092509999999999981e-01
3.090319999999999734e-01
3.086709999999999732e-01
3.073670000000000013e-01
3.061440000000000272e-01
3.062090000000000090e-01
3.056320000000000148e-01
3.047799999999999954e-01
3.037940000000000085e-01
3.034279999999999755e-01
3.024510000000000254e-01
3.023279999999999856e-01
3.008069999999999911e-01
3.004410000000000136e-01
2.989200000000000190e-01
2.980679999999999996e-01
2.971170000000000200e-01
2.966520000000000268e-01
2.964220000000000188e-01
2.951659999999999839e-01
2.940010000000000123e-01
2.931259999999999977e-01
2.925059999999999882e-01
2.913649999999999851e-01
2.910200000000000009e-01
2.897649999999999948e-01
2.881770000000000165e-01
2.870159999999999934e-01
2.864110000000000267e-01
2.861040000000000250e-01
2.853990000000000138e-01
2.846040000000000236e-01
2.832879999999999843e-01
2.813769999999999882e-01
2.807169999999999943e-01
2.805340000000000056e-01
2.797830000000000039e-01
2.791029999999999900e-01
2.776699999999999724e-01
2.774150000000000227e-01
2.766750000000000043e-01
2.754099999999999882e-01
2.740270000000000206e-01
2.730949999999999767e-01
