4.455350000000000282e-02
4.274440000000000184e-02
4.111490000000000283e-02
3.960129999999999900e-02
3.759919999999999929e-02
3.598799999999999916e-02
3.431639999999999691e-02
3.262169999999999653e-02
3.091990000000000016e-02
2.938380000000000158e-02
2.792940000000000006e-02
2.681709999999999997e-02
2.538380000000000150e-02
2.412649999999999864e-02
2.317579999999999987e-02
2.230949999999999947e-02
2.159410000000000149e-02
2.081809999999999911e-02
2.016619999999999871e-02
1.962619999999999990e-02
1.892370000000000163e-02
1.861869999999999845e-02
1.834710000000000160e-02
1.797019999999999867e-02
1.781450000000000047e-02
1.760629999999999834e-02
1.750289999999999832e-02
1.775499999999999995e-02
1.779419999999999960e-02
1.810569999999999888e-02
1.815719999999999834e-02
1.851890000000000133e-02
1.887530000000000110e-02
1.898999999999999994e-02
1.944939999999999863e-02
1.968840000000000173e-02
1.995699999999999905e-02
2.016659999999999980e-02
2.060609999999999872e-02
2.069479999999999931e-02
2.081300000000000164e-02
2.087910000000000113e-02
2.114819999999999894e-02
2.120429999999999884e-02
2.089279999999999957e-02
2.070800000000000071e-02
2.073859999999999940e-02
2.033559999999999882e-02
1.986279999999999990e-02
1.952409999999999909e-02
1.925980000000000053e-02
1.861360000000000098e-02
1.813839999999999897e-02
1.774370000000000114e-02
1.731299999999999853e-02
1.699859999999999913e-02
1.698509999999999950e-02
1.690579999999999861e-02
1.702110000000000081e-02
1.757859999999999978e-02
1.830000000000000029e-02
1.916030000000000164e-02
2.037869999999999959e-02
2.212139999999999940e-02
2.395919999999999994e-02
2.611849999999999936e-02
2.880049999999999971e-02
3.139870000000000161e-02
3.489880000000000065e-02
3.842740000000000045e-02
4.225779999999999814e-02
4.645010000000000111e-02
5.134589999999999987e-02
5.554690000000000322e-02
6.073459999999999970e-02
6.583150000000000113e-02
7.164310000000000123e-02
7.683869999999999589e-02
8.354369999999999852e-02
8.928279999999999550e-02
9.571290000000000353e-02
1.025090000000000029e-01
1.093699999999999950e-01
1.156770000000000020e-01
1.232010000000000050e-01
1.296660000000000035e-01
1.372950000000000004e-01
1.428490000000000038e-01
1.506210000000000049e-01
1.566849999999999909e-01
1.639899999999999969e-01
1.693290000000000073e-01
1.755539999999999878e-01
1.809850000000000070e-01
1.871649999999999980e-01
1.926009999999999944e-01
1.980250000000000066e-01
2.027269999999999905e-01
2.075259999999999883e-01
2.121730000000000005e-01
2.169010000000000105e-01
2.204810000000000103e-01
2.242069999999999896e-01
2.282649999999999957e-01
2.310020000000000129e-01
2.347360000000000002e-01
2.382130000000000081e-01
2.405339999999999978e-01
2.439280000000000059e-01
2.458029999999999937e-01
2.483950000000000047e-01
2.544150000000000023e-01
2.572590000000000154e-01
2.588230000000000253e-01
2.602479999999999793e-01
2.629630000000000023e-01
2.642639999999999989e-01
2.651259999999999728e-01
2.667689999999999784e-01
2.672519999999999896e-01
2.696660000000000168e-01
2.703699999999999992e-01
2.716339999999999866e-01
2.722069999999999768e-01
2.734130000000000171e-01
2.744210000000000260e-01
2.741489999999999760e-01
2.746489999999999765e-01
2.746950000000000225e-01
2.756239999999999801e-01
2.760949999999999793e-01
2.693749999999999756e-01
2.707390000000000074e-01
2.713979999999999726e-01
2.721879999999999855e-01
2.733880000000000199e-01
2.750170000000000115e-01
2.758829999999999893e-01
2.756120000000000236e-01
2.767760000000000220e-01
2.775420000000000109e-01
2.790290000000000270e-01
2.801390000000000269e-01
2.817279999999999784e-01
2.826310000000000211e-01
2.840199999999999947e-01
2.846509999999999874e-01
2.872439999999999993e-01
2.890139999999999931e-01
2.908270000000000022e-01
2.920050000000000145e-01
2.937009999999999899e-01
2.955699999999999994e-01
2.981719999999999926e-01
2.996559999999999779e-01
3.018919999999999937e-01
3.029660000000000131e-01
3.057889999999999775e-01
3.082420000000000160e-01
3.101570000000000160e-01
3.120379999999999820e-01
3.139739999999999753e-01
3.159120000000000261e-01
3.183449999999999891e-01
3.203840000000000021e-01
3.231800000000000228e-01
3.245460000000000012e-01
3.268860000000000099e-01
3.290259999999999851e-01
3.310609999999999942e-01
3.322829999999999950e-01
3.348999999999999755e-01
3.363550000000000151e-01
3.382040000000000046e-01
3.399690000000000212e-01
3.417040000000000077e-01
3.427020000000000066e-01
3.442810000000000037e-01
3.455219999999999958e-01
3.458979999999999833e-01
3.476699999999999791e-01
3.492120000000000224e-01
3.498240000000000238e-01
3.511070000000000024e-01
3.520289999999999808e-01
3.530809999999999782e-01
3.538430000000000186e-01
3.543540000000000023e-01
3.554530000000000189e-01
3.564300000000000246e-01
3.566320000000000046e-01
3.570090000000000208e-01
3.582759999999999834e-01
3.583609999999999851e-01
3.588669999999999916e-01
3.599029999999999729e-01
3.594370000000000065e-01
3.595999999999999752e-01
3.602580000000000227e-01
3.601309999999999789e-01
3.606159999999999921e-01
3.609580000000000011e-01
3.606650000000000134e-01
3.600260000000000127e-01
3.600209999999999799e-01
3.593480000000000008e-01
3.591909999999999825e-01
3.578069999999999862e-01
3.573470000000000257e-01
3.558660000000000156e-01
3.547060000000000213e-01
3.528200000000000225e-01
3.517979999999999996e-01
3.492489999999999761e-01
3.478269999999999973e-01
3.454760000000000053e-01
3.432700000000000196e-01
3.419490000000000030e-01
3.396020000000000150e-01
3.384949999999999903e-01
3.365940000000000043e-01
3.352890000000000037e-01
3.336230000000000029e-01
3.311700000000000199e-01
3.291680000000000161e-01
3.275739999999999763e-01
3.259409999999999807e-01
3.236850000000000005e-01
3.212369999999999948e-01
3.192110000000000225e-01
3.180259999999999754e-01
3.154879999999999907e-01
3.131249999999999867e-01
3.118000000000000216e-01
3.102349999999999830e-01
3.081289999999999862e-01
3.075220000000000176e-01
3.057259999999999978e-01
3.058449999999999780e-01
3.045869999999999966e-01
3.044149999999999912e-01
3.044560000000000044e-01
3.045900000000000274e-01
3.051829999999999821e-01
3.055849999999999955e-01
3.064609999999999834e-01
3.080519999999999925e-01
3.092920000000000114e-01
3.100559999999999983e-01
3.128850000000000242e-01
3.145330000000000070e-01
3.160310000000000064e-01
3.177470000000000017e-01
3.192720000000000002e-01
3.206709999999999838e-01
3.218829999999999747e-01
3.239029999999999965e-01
3.261080000000000090e-01
3.270179999999999754e-01
3.283190000000000275e-01
3.295919999999999961e-01
3.301649999999999863e-01
3.315230000000000121e-01
3.321870000000000100e-01
3.335130000000000039e-01
3.344249999999999723e-01
3.353369999999999962e-01
3.359300000000000064e-01
3.366890000000000160e-01
3.364730000000000221e-01
3.373030000000000195e-01
3.370369999999999755e-01
3.371089999999999920e-01
3.383380000000000276e-01
3.378320000000000212e-01
3.383099999999999996e-01
3.384570000000000078e-01
3.388780000000000125e-01
3.392290000000000028e-01
3.382970000000000144e-01
3.376219999999999777e-01
3.379320000000000102e-01
3.381140000000000256e-01
3.376500000000000057e-01
3.364340000000000108e-01
3.366899999999999893e-01
3.361040000000000139e-01
3.361959999999999948e-01
3.350639999999999730e-01
3.346480000000000010e-01
3.339570000000000038e-01
3.327060000000000017e-01
3.322780000000000178e-01
3.317490000000000161e-01
3.315690000000000026e-01
3.300379999999999980e-01
3.298380000000000201e-01
3.285710000000000020e-01
3.279179999999999873e-01
3.260500000000000065e-01
3.256510000000000238e-01
3.246899999999999786e-01
3.239670000000000050e-01
3.220470000000000277e-01
3.209000000000000186e-01
3.206510000000000193e-01
3.182289999999999841e-01
3.167039999999999855e-01
3.149710000000000010e-01
3.127190000000000247e-01
3.108770000000000144e-01
3.091099999999999959e-01
3.068649999999999989e-01
3.055470000000000130e-01
3.045149999999999801e-01
3.028950000000000253e-01
3.016510000000000025e-01
3.011050000000000115e-01
2.999640000000000084e-01
2.992480000000000140e-01
2.978720000000000256e-01
2.974820000000000242e-01
2.972910000000000275e-01
2.962670000000000026e-01
2.954860000000000264e-01
2.947710000000000052e-01
2.940900000000000181e-01
2.930559999999999832e-01
2.925189999999999735e-01
2.910059999999999869e-01
2.907989999999999742e-01
2.905030000000000112e-01
2.890679999999999916e-01
2.884149999999999769e-01
2.885449999999999959e-01
2.872060000000000168e-01
2.866369999999999751e-01
2.857899999999999885e-01
2.850639999999999841e-01
2.851159999999999806e-01
2.839659999999999962e-01
2.826699999999999768e-01
2.828820000000000223e-01
2.813570000000000237e-01
2.817879999999999829e-01
2.804269999999999818e-01
2.799150000000000249e-01
2.787810000000000010e-01
2.782160000000000188e-01
2.768660000000000010e-01
2.757450000000000179e-01
2.751419999999999977e-01
2.746649999999999925e-01
2.733700000000000019e-01
2.733709999999999751e-01
2.723650000000000237e-01
2.715429999999999788e-01
2.702049999999999730e-01
2.693169999999999731e-01
2.679329999999999767e-01
2.675429999999999753e-01
2.668490000000000029e-01
2.655830000000000135e-01
2.643480000000000274e-01
2.629480000000000151e-01
2.623269999999999769e-01
2.613500000000000267e-01
2.604540000000000188e-01
2.600500000000000034e-01
2.586879999999999735e-01
2.569549999999999890e-01
2.565899999999999848e-01
2.557769999999999766e-01
2.548980000000000135e-01
2.539750000000000063e-01
2.526289999999999925e-01
2.529429999999999734e-01
2.517469999999999986e-01
2.505370000000000097e-01
2.495860000000000023e-01
2.477669999999999872e-01
