6.834379999999999622e-02
6.619990000000000596e-02
6.375770000000000048e-02
6.151290000000000230e-02
5.905210000000000320e-02
5.645059999999999661e-02
5.396179999999999727e-02
5.148529999999999773e-02
4.917250000000000093e-02
4.695040000000000324e-02
4.504070000000000296e-02
4.273210000000000203e-02
4.082779999999999743e-02
3.923719999999999986e-02
3.768889999999999740e-02
3.617329999999999851e-02
3.497940000000000077e-02
3.393960000000000032e-02
3.270440000000000152e-02
3.198469999999999785e-02
3.108839999999999867e-02
3.042250000000000162e-02
2.979630000000000126e-02
2.942840000000000039e-02
2.894029999999999866e-02
2.886239999999999986e-02
2.897359999999999866e-02
2.892480000000000051e-02
2.927439999999999903e-02
2.948049999999999976e-02
2.996170000000000083e-02
3.031659999999999910e-02
3.077210000000000015e-02
3.129629999999999912e-02
3.159780000000000227e-02
3.219500000000000139e-02
3.254610000000000142e-02
3.270270000000000121e-02
3.356060000000000293e-02
3.366559999999999692e-02
3.392959999999999726e-02
3.404100000000000181e-02
3.429480000000000028e-02
3.403479999999999700e-02
3.415370000000000211e-02
3.381200000000000178e-02
3.369590000000000085e-02
3.289070000000000188e-02
3.258649999999999741e-02
3.176999999999999963e-02
3.095950000000000091e-02
3.042979999999999990e-02
2.948399999999999979e-02
2.880720000000000156e-02
2.830579999999999902e-02
2.792280000000000109e-02
2.737200000000000050e-02
2.777270000000000086e-02
2.789789999999999978e-02
2.883430000000000021e-02
2.978820000000000079e-02
3.112430000000000058e-02
3.297259999999999774e-02
3.566679999999999851e-02
3.852209999999999662e-02
4.187099999999999850e-02
4.577320000000000000e-02
5.032629999999999743e-02
5.527630000000000043e-02
5.998599999999999766e-02
6.568240000000000189e-02
7.107739999999999891e-02
7.772060000000000080e-02
8.371810000000000362e-02
9.046569999999999612e-02
9.755940000000000445e-02
1.049049999999999983e-01
1.123939999999999939e-01
1.199469999999999981e-01
1.277500000000000024e-01
1.356420000000000126e-01
1.438790000000000069e-01
1.525870000000000004e-01
1.600030000000000063e-01
1.693649999999999878e-01
1.769870000000000054e-01
1.852789999999999992e-01
1.921110000000000040e-01
2.005530000000000090e-01
2.076909999999999867e-01
2.154030000000000111e-01
2.218849999999999989e-01
2.293389999999999873e-01
2.358679999999999943e-01
2.423690000000000011e-01
2.483150000000000079e-01
2.537289999999999823e-01
2.591319999999999735e-01
2.645440000000000014e-01
2.691939999999999888e-01
2.741339999999999888e-01
2.784490000000000021e-01
2.826879999999999948e-01
2.865409999999999902e-01
2.901540000000000230e-01
2.936179999999999901e-01
2.972219999999999862e-01
3.005709999999999771e-01
3.035120000000000040e-01
3.058210000000000095e-01
3.079060000000000130e-01
3.148199999999999887e-01
3.168050000000000033e-01
3.188929999999999820e-01
3.211080000000000045e-01
3.233030000000000070e-01
3.241720000000000157e-01
3.263190000000000257e-01
3.270290000000000141e-01
3.286649999999999849e-01
3.298860000000000126e-01
3.305239999999999845e-01
3.327899999999999747e-01
3.326760000000000272e-01
3.341899999999999871e-01
3.345770000000000133e-01
3.352629999999999777e-01
3.353450000000000042e-01
3.358849999999999891e-01
3.366790000000000060e-01
3.364079999999999848e-01
3.296540000000000026e-01
3.309830000000000272e-01
3.324070000000000080e-01
3.319900000000000073e-01
3.339170000000000194e-01
3.345989999999999798e-01
3.356129999999999947e-01
3.361689999999999956e-01
3.373140000000000027e-01
3.384989999999999943e-01
3.394209999999999727e-01
3.401319999999999899e-01
3.417060000000000097e-01
3.429389999999999938e-01
3.440810000000000257e-01
3.462160000000000237e-01
3.466710000000000069e-01
3.493910000000000071e-01
3.500349999999999850e-01
3.521079999999999766e-01
3.537429999999999741e-01
3.561130000000000129e-01
3.578029999999999822e-01
3.592420000000000058e-01
3.615229999999999833e-01
3.633319999999999883e-01
3.656360000000000166e-01
3.673069999999999946e-01
3.700869999999999993e-01
3.717099999999999849e-01
3.739970000000000239e-01
3.750479999999999925e-01
3.778420000000000112e-01
3.805129999999999901e-01
3.821990000000000109e-01
3.845129999999999937e-01
3.860089999999999910e-01
3.878289999999999793e-01
3.904219999999999913e-01
3.920839999999999881e-01
3.927189999999999848e-01
3.945489999999999831e-01
3.958369999999999944e-01
3.982959999999999834e-01
3.988209999999999811e-01
4.005290000000000239e-01
4.014280000000000070e-01
4.021870000000000167e-01
4.020009999999999972e-01
4.046219999999999817e-01
4.060409999999999853e-01
4.067560000000000064e-01
4.065329999999999777e-01
4.068260000000000209e-01
4.087180000000000257e-01
4.089079999999999937e-01
4.077430000000000221e-01
4.091230000000000144e-01
4.097489999999999744e-01
4.094389999999999974e-01
4.091710000000000069e-01
4.092359999999999887e-01
4.092169999999999974e-01
4.098809999999999953e-01
4.087390000000000190e-01
4.087009999999999810e-01
4.084160000000000013e-01
4.067810000000000037e-01
4.067600000000000104e-01
4.066270000000000162e-01
4.050540000000000251e-01
4.034679999999999933e-01
4.030449999999999866e-01
4.029059999999999864e-01
4.012260000000000271e-01
3.993769999999999820e-01
3.971359999999999890e-01
3.952200000000000157e-01
3.933550000000000102e-01
3.902700000000000058e-01
3.876530000000000253e-01
3.837579999999999880e-01
3.808130000000000126e-01
3.778969999999999829e-01
3.756039999999999934e-01
3.724480000000000013e-01
3.705339999999999745e-01
3.674510000000000276e-01
3.662050000000000027e-01
3.641039999999999832e-01
3.626840000000000064e-01
3.610019999999999896e-01
3.595209999999999795e-01
3.579180000000000139e-01
3.566690000000000138e-01
3.551030000000000020e-01
3.536599999999999744e-01
3.515110000000000179e-01
3.488620000000000054e-01
3.484860000000000180e-01
3.467049999999999854e-01
3.446029999999999927e-01
3.433120000000000061e-01
3.418479999999999852e-01
3.399829999999999797e-01
3.394570000000000087e-01
3.384329999999999838e-01
3.378189999999999804e-01
3.379130000000000189e-01
3.380659999999999776e-01
3.374929999999999874e-01
3.380589999999999984e-01
3.386109999999999953e-01
3.391199999999999770e-01
3.399389999999999912e-01
3.401270000000000127e-01
3.415639999999999787e-01
3.442850000000000077e-01
3.443240000000000189e-01
3.461409999999999765e-01
3.477439999999999976e-01
3.492669999999999941e-01
3.513209999999999944e-01
3.525780000000000025e-01
3.533479999999999954e-01
3.554519999999999902e-01
3.570240000000000080e-01
3.584189999999999876e-01
3.590389999999999970e-01
3.600979999999999737e-01
3.619510000000000227e-01
3.627730000000000121e-01
3.633219999999999783e-01
3.644769999999999954e-01
3.658600000000000185e-01
3.678830000000000156e-01
3.677329999999999766e-01
3.681059999999999888e-01
3.687400000000000122e-01
3.688870000000000204e-01
3.694500000000000006e-01
3.697030000000000038e-01
3.701780000000000070e-01
3.705309999999999993e-01
3.711650000000000227e-01
3.718699999999999783e-01
3.719560000000000088e-01
3.714219999999999744e-01
3.723330000000000251e-01
3.721439999999999748e-01
3.722820000000000018e-01
3.722980000000000178e-01
3.717130000000000156e-01
3.714259999999999784e-01
3.713609999999999967e-01
3.710359999999999769e-01
3.704770000000000008e-01
3.700649999999999773e-01
3.688859999999999917e-01
3.683199999999999807e-01
3.675680000000000058e-01
3.665080000000000005e-01
3.659450000000000203e-01
3.662480000000000180e-01
3.634109999999999840e-01
3.629640000000000088e-01
3.613509999999999778e-01
3.604999999999999871e-01
3.599280000000000257e-01
3.585909999999999931e-01
3.569970000000000088e-01
3.563669999999999893e-01
3.540139999999999953e-01
3.514990000000000059e-01
3.509780000000000122e-01
3.461690000000000045e-01
3.443089999999999762e-01
3.411429999999999740e-01
3.379929999999999879e-01
3.356469999999999732e-01
3.315620000000000234e-01
3.280359999999999943e-01
3.257559999999999900e-01
3.248860000000000081e-01
3.224899999999999989e-01
3.207110000000000238e-01
3.208429999999999893e-01
3.194250000000000145e-01
3.189660000000000273e-01
3.173590000000000022e-01
3.159930000000000239e-01
3.156729999999999814e-01
3.142639999999999878e-01
3.142070000000000141e-01
3.130069999999999797e-01
3.130899999999999794e-01
3.112159999999999926e-01
3.108139999999999792e-01
3.094020000000000103e-01
3.080579999999999985e-01
3.081729999999999747e-01
3.061400000000000232e-01
3.057920000000000083e-01
3.054839999999999778e-01
3.050709999999999811e-01
3.037009999999999987e-01
3.030269999999999908e-01
3.026460000000000261e-01
3.020329999999999959e-01
3.010650000000000270e-01
3.004470000000000196e-01
2.992159999999999820e-01
2.987400000000000055e-01
2.985630000000000228e-01
2.967569999999999930e-01
2.960760000000000058e-01
2.953620000000000134e-01
2.945439999999999725e-01
2.934050000000000269e-01
2.924510000000000165e-01
2.915960000000000218e-01
2.904360000000000275e-01
2.901759999999999895e-01
2.882319999999999882e-01
2.872950000000000226e-01
2.869680000000000009e-01
2.847600000000000131e-01
2.840699999999999892e-01
2.828769999999999896e-01
2.813610000000000277e-01
2.810909999999999798e-01
2.786810000000000120e-01
2.772899999999999809e-01
2.761379999999999946e-01
2.754570000000000074e-01
2.743070000000000230e-01
2.727749999999999897e-01
2.724770000000000247e-01
2.711330000000000129e-01
2.683929999999999927e-01
2.678670000000000218e-01
2.673800000000000066e-01
2.660690000000000000e-01
2.650790000000000091e-01
2.639719999999999844e-01
2.643039999999999834e-01
2.622269999999999879e-01
2.605640000000000178e-01
2.591040000000000010e-01
2.569350000000000245e-01
